3 0.4969074094842662 0.8761111111111112 0.08136937126349103 0.2477777777777777
3 0.5579157261098571 0.6911111111111111 0.056629044394281396 0.24222222222222223
3 0.4905191873589165 0.6927777777777778 0.06380737396538755 0.22333333333333344
3 0.4163431151241535 0.7166666666666669 0.06380737396538755 0.2555555555555556
2 0.7413619262603461 0.628888888888889 0.17945823927765234 0.26444444444444437
2 0.5144469525959369 0.5600000000000002 0.12282919488337093 0.2311111111111112
2 0.3377802859292702 0.5833333333333335 0.1635063957863055 0.3222222222222223
3 0.6021820917983446 0.41666666666666674 0.038284424379232504 0.16444444444444442
3 0.6352821670428894 0.39388888888888896 0.03270127915726121 0.1566666666666667
3 0.6755605718585403 0.3927777777777778 0.03190368698269367 0.15666666666666668
3 0.705071482317532 0.3444444444444445 0.036689240030097776 0.14
3 0.6588111361926261 0.3488888888888889 0.03349887133182847 0.12666666666666668
3 0.6851316779533484 0.2944444444444445 0.03349887133182847 0.12
3 0.7242136945071482 0.29444444444444445 0.030308502633559015 0.12666666666666665
3 0.6544243792325056 0.2494444444444445 0.03748683220466518 0.12111111111111114
3 0.5595109104589917 0.3783333333333334 0.03270127915726107 0.14555555555555563
3 0.5706772009029346 0.3272222222222223 0.02791572610985703 0.12555555555555556
3 0.5228216704288939 0.39388888888888896 0.04705793829947332 0.12777777777777785
3 0.5080662151993981 0.35333333333333333 0.02552294958615498 0.13111111111111115
3 0.4538299473288187 0.3855555555555556 0.04147479307750188 0.15555555555555553
3 0.476561324303988 0.34166666666666673 0.03589164785553052 0.13222222222222224
3 0.41793829947328826 0.36611111111111116 0.030308502633559015 0.14111111111111113
3 0.37726109857035367 0.35555555555555557 0.03349887133182847 0.12666666666666665
3 0.34057185854025585 0.3577777777777778 0.04147479307750188 0.11999999999999997
0 0.7541234010534237 0.065 0.015154251316779437 0.021111111111111126
