2 0.3601128662860885 0.40055555585696384 0.09969902182091804 0.16111111111111115
2 0.5463506395786305 0.543888888888889 0.12761474793077504 0.24333333333333343
3 0.4646049262372663 0.877777777777778 0.19382986929366577 0.2444444444444439
3 0.35094055654409756 0.6105555555555554 0.05742663709991588 0.2099999999999998
3 0.4227238525206923 0.5194444444444446 0.046260346124905996 0.19000000000000006
3 0.3038826185101581 0.34666666666666673 0.03509405568096316 0.1288888888888889
3 0.42910458991723105 0.35833333333333334 0.03668924003009785 0.13888888888888887
3 0.4893227990970655 0.3388888888888889 0.04386756960120394 0.14222222222222217
3 0.5599097065462755 0.34055555555555567 0.035094055680963125 0.13000000000000003
3 0.5950037622272384 0.3361111108097029 0.02711813393528963 0.1366666666666667
3 0.6269074492099322 0.3144444444444445 0.0334988713318284 0.13333333333333333
3 0.6572159518434915 0.5061111111111112 0.046260346124905996 0.2166666666666667
3 0.7150413844996238 0.47 0.04067720090293449 0.18888888888888894
3 0.7876222723852522 0.5266666666666667 0.0502483069977427 0.20222222222222222
3 0.822716328567779 0.8255555555555563 0.0646049645467537 0.2666666666666668
3 0.7700827292735815 0.907670143975152 0.06781030429584618 0.18422917683919265
3 0.6747629796839729 0.2827777777777778 0.03668924003009792 0.12111111111111111
3 0.5583145221971407 0.2644444444444445 0.03349887133182847 0.08666666666666668
3 0.4905191873589165 0.22500000000000003 0.03190368698269374 0.09888888888888893
3 0.6105568096313018 0.433888888888889 0.03589164785553045 0.14333333333333337
0 0.7545221971407073 0.06611111111111112 0.019142212189616287 0.01666666666666667
