3 0.5060797194917908 0.8738888888888888 0.08695251648546254 0.2522222222222221
3 0.14037622272385253 0.8133333333333335 0.06540255831452219 0.24444444444444444
3 0.4191346877351393 0.7111111111111111 0.05503386004514674 0.2511111111111111
3 0.49211437170805117 0.6783333333333335 0.05742663656884872 0.20111111111111113
3 0.5599097065462755 0.6783333333333335 0.05902182091798345 0.21222222222222228
2 0.3397742663656885 0.58 0.16430398796087287 0.3177777777777777
2 0.5184349134687736 0.5577777777777778 0.12282919488337093 0.2511111111111111
2 0.7477426636568849 0.6311111111111112 0.17786305492851767 0.2733333333333334
3 0.60058690744921 0.40777777777777785 0.03987960872836723 0.16666666666666663
3 0.679548532731377 0.3866666666666667 0.04306997742663654 0.1511111111111111
3 0.5634988713318285 0.36833333333333335 0.042272385252069215 0.12777777777777782
3 0.5212264860797592 0.3933333333333334 0.05503386004514674 0.11333333333333336
3 0.46220466516177583 0.3722222222222223 0.03748683220466518 0.15333333333333335
3 0.3820466516177578 0.3572222222222223 0.038284424379232504 0.1322222222222223
3 0.3433634311512415 0.35833333333333345 0.042272385252069215 0.1322222222222222
3 0.43269375470278404 0.33000000000000007 0.02951091045899176 0.1288888888888889
3 0.47935289691497374 0.3133333333333334 0.03190368698269374 0.12666666666666665
3 0.5144469525959369 0.3255555555555556 0.030308502633559088 0.11555555555555554
3 0.5730699774266366 0.3022222222222222 0.03429646350639579 0.11333333333333336
3 0.60058690744921 0.28222222222222226 0.030308502633559015 0.12222222222222222
3 0.6584123401053423 0.33277777777777784 0.03748683220466518 0.13666666666666663
3 0.6962979683972912 0.3111111111111111 0.03190368698269367 0.1333333333333334
3 0.6416629044394281 0.27722222222222226 0.031106094808126487 0.11000000000000004
3 0.6631978931527465 0.2516666666666667 0.03110609480812627 0.09222222222222225
3 0.35931527464258844 0.2800000000000001 0.04067720090293449 0.1155555555555556
3 0.4271106094808127 0.28222222222222226 0.03270127915726114 0.11333333333333333
3 0.5272084273890143 0.27222222222222225 0.03349887133182847 0.10666666666666665
3 0.5886230248306998 0.2094444444444445 0.023927765237020324 0.09444444444444447
3 0.6336869826937548 0.1938888888888889 0.027915726109857104 0.10111111111111112
