3 0.3050790067130016 0.33833333280586914 0.03270127915726111 0.12333333333333335
3 0.42990218209179837 0.3477777777777778 0.035094055680963125 0.14
3 0.48892400300978184 0.3350000000000001 0.038284424379232504 0.13444444444444448
3 0.4306997742663657 0.47222222222222227 0.04147479307750181 0.17333333333333342
3 0.3764635063957863 0.5555555555555557 0.04785553047404058 0.20000000000000015
3 0.5615048908954101 0.34666666666666673 0.030308502633559015 0.1355555555555556
3 0.5579157261098571 0.2622222222222223 0.03589164785553045 0.08222222222222225
3 0.6173363431151242 0.3005555555555556 0.04306997742663654 0.11666666666666668
3 0.5954025584325371 0.33111111193998366 0.026320541760722377 0.09333333333333332
3 0.5981941305124556 0.3949999996985919 0.028713318284424357 0.12333333333333335
3 0.6388713318284425 0.465 0.04785553047404065 0.18111111111111108
3 0.6958991723100075 0.42833333333333345 0.03908201655379983 0.17222222222222222
3 0.6667870579382995 0.265 0.030308502633559015 0.10777777777777779
3 0.7660872836719338 0.4494444444444444 0.045462753950338594 0.17666666666666664
3 0.7944018058690745 0.7183333333333334 0.0733784800601957 0.23444444444444443
3 0.7345823927765237 0.8011111111111111 0.07018811136192625 0.2577777777777779
3 0.496102332580888 0.21888888888888894 0.030308502633559088 0.08666666666666668
2 0.3660948081264108 0.39333333333333337 0.10368698269375468 0.15555555555555556
2 0.5439578630549285 0.5277777777777778 0.12442437923250566 0.23333333333333328
2 0.4677952951125582 0.8472222222222223 0.1826635774335437 0.3055555555555554
0 0.7553197893152748 0.06833333333333334 0.015951843491346977 0.02111111111111111
