3 0.502084273890143 0.8672222222222223 0.0805568096313018 0.24777777777777785
3 0.41474793077501887 0.7144444444444445 0.06221218961625283 0.2577777777777779
3 0.4893227990970655 0.6872222222222223 0.05822422874341612 0.21888888888888886
3 0.555522949586155 0.6866666666666669 0.05184349134687736 0.23555555555555557
2 0.740165537998495 0.6311111111111112 0.1706847253574115 0.2911111111111111
2 0.5124529721595185 0.5555555555555556 0.11086531226486081 0.22888888888888886
2 0.33658389766741914 0.5822222222222223 0.16270880361173812 0.3222222222222223
3 0.30667419112114375 0.34277777777777785 0.031106094808126414 0.1322222222222222
3 0.3429646350639579 0.36611111111111116 0.03987960872836723 0.14333333333333337
3 0.37726109857035367 0.3572222222222223 0.0223325808878856 0.13
3 0.42152746425884124 0.37500000000000006 0.024725357411587653 0.14555555555555558
3 0.4546275395033861 0.3844444444444445 0.0334988713318284 0.1533333333333334
3 0.5228216704288939 0.3994444444444445 0.03748683220466511 0.12555555555555556
3 0.5587133182844244 0.38333333333333336 0.02791572610985703 0.14222222222222225
3 0.5997893152746426 0.41555555555555557 0.03349887133182847 0.15333333333333335
3 0.6719714070729873 0.38888888888888895 0.02951091045899176 0.1533333333333334
3 0.6568171557562077 0.34722222222222227 0.02951091045899176 0.13000000000000003
3 0.7042738901429647 0.3394444444444445 0.03190368698269367 0.12777777777777774
3 0.6121519939804364 0.33333333333333337 0.03429646350639572 0.12444444444444443
3 0.47536493604213703 0.33833333333333343 0.030308502633559088 0.1344444444444445
3 0.40996237772761485 0.32333333333333336 0.02871331828442436 0.12
3 0.5076674191121144 0.34833333333333344 0.023130173062452998 0.1344444444444445
3 0.5319939804364183 0.3116666666666667 0.02552294958615498 0.11222222222222218
3 0.5670880361173815 0.32333333333333336 0.03668924003009785 0.1111111111111111
3 0.6185327313769752 0.2505555555555556 0.024725357411587653 0.10999999999999996
3 0.6492400300978179 0.24055555555555558 0.033498871331828536 0.11222222222222221
3 0.6823401053423627 0.2772222222222222 0.026320541760722307 0.10555555555555554
0 0.7553197893152748 0.06555555555555555 0.01754702784048149 0.02666666666666667
