3 0.49730620557155 0.8705555555555555 0.08376214778719315 0.25888888888888884
3 0.41714070729872094 0.7111111111111111 0.06380737396538755 0.25555555555555565
3 0.49171557562076756 0.6955555555555557 0.042272385252069215 0.24000000000000013
3 0.559112114371708 0.6955555555555557 0.05104589917231003 0.2555555555555556
3 0.200594431903687 0.71 0.059819413092550774 0.271111111111111
2 0.33498871331828445 0.5716666666666668 0.173875094055681 0.2944444444444445
2 0.5148457486832205 0.5616666666666668 0.12681715575620772 0.2344444444444445
2 0.7397667419112116 0.6261111111111112 0.1810534236267871 0.28555555555555556
3 0.6013844996237774 0.415 0.03668924003009785 0.14777777777777779
3 0.5631000752445448 0.3794444444444445 0.03987960872836716 0.13888888888888887
3 0.5260120391271633 0.3916666666666667 0.04386756960120387 0.1322222222222223
3 0.452234762979684 0.3927777777777778 0.027118133935289706 0.15666666666666668
3 0.5100601956358165 0.3483333333333334 0.02951091045899176 0.12555555555555553
3 0.4805492851768247 0.3427777777777778 0.04067720090293456 0.1344444444444444
3 0.4203310759969902 0.3655555555555556 0.0446651617757712 0.13777777777777783
3 0.37885628291948836 0.35555555555555557 0.04147479307750188 0.13555555555555565
3 0.34057185854025585 0.35333333333333333 0.04147479307750188 0.12888888888888886
3 0.6257110609480813 0.3794444444444445 0.039082016553799906 0.15444444444444444
3 0.679548532731377 0.39333333333333337 0.039879608728367086 0.15777777777777782
3 0.657614747930775 0.34555555555555556 0.027915726109857104 0.13777777777777778
3 0.7078630549285176 0.3450000000000001 0.03270127915726107 0.1388888888888889
3 0.6863280662151994 0.2894444444444445 0.03908201655379983 0.14555555555555558
3 0.6536267870579383 0.24722222222222226 0.03589164785553052 0.13
3 0.5718735891647856 0.3233333333333334 0.03987960872836723 0.12888888888888894
