2 0.5690690690690691 0.7661111111111112 0.14264264264264262 0.29666666666666663
3 0.22635135135135137 0.7377777777777778 0.07132132132132131 0.23999999999999994
2 0.31493993993993996 0.555 0.11486486486486487 0.2477777777777777
2 0.4891141141141141 0.5194444444444444 0.0968468468468469 0.24555555555555564
3 0.6505255255255256 0.47722222222222227 0.03378378378378379 0.15666666666666665
3 0.5777027027027027 0.4533333333333334 0.032282282282282256 0.1577777777777778
3 0.6276276276276276 0.43166666666666664 0.03603603603603602 0.15444444444444444
3 0.7135885885885886 0.39555555555555555 0.03528528528528525 0.14888888888888885
3 0.6557807807807808 0.3816666666666667 0.03828828828828826 0.1388888888888889
3 0.5990990990990991 0.41388888888888886 0.03303303303303309 0.1522222222222222
3 0.5690690690690691 0.3666666666666667 0.028528528528528625 0.13555555555555565
3 0.6223723723723724 0.34333333333333327 0.03303303303303295 0.1244444444444445
3 0.6625375375375375 0.34277777777777774 0.032282282282282325 0.12111111111111107
3 0.6996996996996997 0.34 0.02552552552552555 0.12444444444444443
3 0.5251501501501502 0.3522222222222222 0.03378378378378386 0.13333333333333328
3 0.47109609609609604 0.37 0.027777777777777787 0.12444444444444447
3 0.487987987987988 0.3427777777777778 0.031531531531531556 0.13444444444444442
3 0.41366366366366364 0.4411111111111111 0.03603603603603609 0.1666666666666668
3 0.4249249249249249 0.38388888888888884 0.028528528528528555 0.1344444444444445
3 0.37274774774774777 0.39611111111111114 0.030780780780780788 0.14333333333333337
3 0.39114114114114107 0.25333333333333335 0.03003003003003002 0.09777777777777776
0 0.7545045045045046 0.08722222222222221 0.01801801801801801 0.021111111111111126
