2 0.5694444444444444 0.7622222222222221 0.14189189189189194 0.29333333333333333
3 0.23385885885885888 0.7388888888888888 0.06981981981981981 0.23333333333333336
2 0.31456456456456455 0.5533333333333335 0.11411411411411411 0.23777777777777778
2 0.4891141141141141 0.515 0.0968468468468469 0.21444444444444444
3 0.6509009009009009 0.47222222222222227 0.03303303303303309 0.14666666666666664
3 0.5758258258258259 0.4544444444444445 0.03603603603603602 0.16
3 0.6287537537537538 0.4338888888888889 0.027777777777777644 0.15
3 0.5942192192192192 0.4033333333333334 0.03378378378378386 0.13111111111111115
3 0.4144144144144144 0.4366666666666667 0.039039039039039096 0.16
3 0.3716216216216216 0.3877777777777777 0.028528528528528555 0.12888888888888894
3 0.42942942942942947 0.37888888888888883 0.03453453453453456 0.13999999999999996
3 0.47072072072072074 0.3755555555555556 0.028528528528528555 0.1355555555555556
3 0.5243993993993993 0.3511111111111111 0.029279279279279324 0.13555555555555554
3 0.4894894894894895 0.3511111111111111 0.031531531531531556 0.14
3 0.5683183183183184 0.3633333333333333 0.03003003003003002 0.1444444444444444
3 0.7102102102102102 0.3922222222222222 0.028528528528528482 0.12
3 0.7582582582582582 0.3666666666666667 0.03753753753753756 0.14222222222222222
3 0.6584084084084084 0.38166666666666665 0.039039039039039096 0.13222222222222224
3 0.7008258258258258 0.34 0.03678678678678679 0.11777777777777786
3 0.6238738738738739 0.34444444444444444 0.03303303303303295 0.11777777777777772
