3 0.49770500165883363 0.8722222222222222 0.07817900256522173 0.2555555555555554
3 0.5611060948081265 0.7011111111111111 0.06300978179082016 0.2533333333333333
3 0.4857336343115125 0.6866666666666668 0.06540255831452221 0.23111111111111107
3 0.7944018058690746 0.6722222222222223 0.05902182091798352 0.24
2 0.5128517682468021 0.5655555555555556 0.1212340105342362 0.23333333333333336
3 0.21495109104589918 0.6166666666666667 0.045462753950338594 0.20888888888888893
3 0.6751617757712566 0.39611111111111114 0.031106094808126414 0.13666666666666663
3 0.7772535741158765 0.36777777777777776 0.03908201655379983 0.14222222222222225
3 0.7397667419112114 0.35055555555555556 0.031106094808126414 0.14555555555555563
3 0.7030775018811135 0.3438888888888889 0.03589164785553052 0.13000000000000003
3 0.6348833709556057 0.39277777777777784 0.038284424379232504 0.1522222222222223
3 0.6009857035364936 0.41444444444444445 0.03748683220466518 0.16666666666666663
3 0.5619036869826938 0.3872222222222223 0.03908201655379983 0.15222222222222218
3 0.525214446952596 0.39833333333333343 0.04386756960120394 0.12555555555555564
3 0.4538299473288187 0.3894444444444445 0.035094055680963125 0.15000000000000002
3 0.476561324303988 0.3388888888888889 0.02951091045899176 0.1333333333333334
3 0.5088638073739654 0.3572222222222223 0.02073739653875094 0.1433333333333333
3 0.656418359668924 0.35111111111111115 0.03349887133182847 0.13333333333333328
3 0.3672911963882619 0.3983333333333334 0.03429646350639579 0.1522222222222223
3 0.4207298720842739 0.36500000000000005 0.03589164785553045 0.13444444444444448
3 0.31026335590669674 0.3950000000000001 0.05423626787057938 0.13444444444444442
0 0.7537246049661399 0.06333333333333334 0.01435665914221218 0.024444444444444456
