3 0.5000977781825356 0.875 0.07020308081954837 0.24999999999999986
3 0.4151467268623026 0.7172222222222223 0.053438675696012086 0.27
3 0.48732881866064715 0.6927777777777778 0.05104589917231003 0.22333333333333344
3 0.5571181339352897 0.6927777777777778 0.05503386004514674 0.24333333333333335
2 0.3393754702784048 0.5822222222222223 0.1571256583897667 0.30888888888888905
2 0.5192325056433408 0.5633333333333335 0.12123401053423627 0.24222222222222228
2 0.7429571106094808 0.6344444444444446 0.17307750188111357 0.2711111111111112
3 0.31903686988594504 0.3211111108097029 0.03190368698269374 0.12888888888888894
3 0.34136945071482316 0.3566666666666667 0.030308502633559088 0.12888888888888886
3 0.37686230248306996 0.3538888888888889 0.02951091045899176 0.1411111111111111
3 0.42112866817155764 0.36611111111111116 0.02552294958615498 0.1277777777777778
3 0.4546275395033861 0.383888888888889 0.02552294958615498 0.14777777777777779
3 0.5236192626034613 0.3833333333333334 0.03589164785553045 0.10888888888888892
3 0.559112114371708 0.37111111111111117 0.03190368698269374 0.1444444444444445
3 0.6009857035364936 0.4094444444444445 0.03748683220466518 0.17222222222222228
3 0.6731677953348383 0.38333333333333336 0.02871331828442436 0.14222222222222225
3 0.7058690744920995 0.3350000000000001 0.031903686982693816 0.11888888888888889
3 0.6065688487584651 0.30833333333333335 0.03429646350639579 0.11222222222222225
3 0.5351843491346878 0.29555555555555557 0.0334988713318284 0.10444444444444442
3 0.475364936042137 0.33333333333333337 0.02871331828442436 0.1311111111111111
3 0.5060722347629798 0.34722222222222227 0.02951091045899169 0.12777777777777774
3 0.678352144469526 0.27222222222222225 0.03429646350639572 0.09777777777777778
3 0.6105568096313018 0.24388888888888893 0.02951091045899169 0.12111111111111111
3 0.6400677200902934 0.22222222222222224 0.02791572610985703 0.10888888888888892
0 0.7541234010534237 0.06333333333333334 0.01834462001504903 0.02666666666666667
