2 0.5698198198198199 0.765 0.15015015015015032 0.30555555555555564
3 0.22972972972972974 0.7361111111111112 0.07507507507507509 0.2433333333333333
3 0.6524024024024024 0.47611111111111115 0.03003003003003002 0.15666666666666665
2 0.48873873873873874 0.5188888888888888 0.09609609609609614 0.2311111111111112
2 0.3175675675675676 0.5272222222222223 0.11411411411411411 0.22111111111111106
3 0.5788288288288288 0.45277777777777783 0.03753753753753756 0.16333333333333336
3 0.6283783783783784 0.42 0.03003003003003009 0.14222222222222222
3 0.5972222222222223 0.40222222222222226 0.03528528528528532 0.13333333333333336
3 0.7102102102102102 0.38222222222222224 0.031531531531531556 0.13333333333333333
3 0.6546546546546547 0.3738888888888889 0.03753753753753756 0.12555555555555553
3 0.6846846846846847 0.3138888888888889 0.03003003003003002 0.1277777777777778
3 0.6561561561561562 0.33388888888888885 0.02552552552552555 0.1255555555555555
3 0.6193693693693694 0.3416666666666666 0.02552552552552555 0.13888888888888887
3 0.5713213213213213 0.34555555555555556 0.03303303303303309 0.13333333333333333
3 0.5262762762762763 0.34555555555555556 0.031531531531531556 0.13777777777777775
3 0.47447447447447444 0.37666666666666665 0.03453453453453456 0.13555555555555554
3 0.4883633633633634 0.34111111111111114 0.03378378378378386 0.12666666666666665
3 0.41403903903903905 0.4427777777777777 0.03828828828828833 0.15666666666666665
3 0.4264264264264264 0.3811111111111111 0.03753753753753756 0.13777777777777775
3 0.3765015015015015 0.38888888888888895 0.03678678678678672 0.14000000000000004
3 0.31043543543543545 0.36333333333333334 0.03828828828828833 0.13333333333333333
