2 0.56493993993994 0.7672222222222222 0.1524024024024024 0.3144444444444444
3 0.6978228228228228 0.7088888888888889 0.047297297297297404 0.24666666666666656
2 0.29692192111656207 0.5961111102445622 0.13138138299210095 0.2655555538224582
2 0.48911411411411415 0.5166666666666666 0.09834834834834837 0.22888888888888886
3 0.37387387387387383 0.39 0.034534534534534485 0.14222222222222225
3 0.41328828828828834 0.43 0.03528528528528532 0.16
3 0.47072072072072074 0.37277777777777776 0.03603603603603609 0.12333333333333339
3 0.5243993993993993 0.3516666666666666 0.029279279279279324 0.13888888888888887
3 0.6295045045045045 0.4294444444444444 0.032282282282282256 0.15000000000000008
3 0.5979729729729729 0.4116666666666666 0.030780780780780857 0.14111111111111113
3 0.5675675675675675 0.365 0.031531531531531556 0.14555555555555558
3 0.713963963963964 0.3988888888888889 0.03303303303303309 0.14
3 0.6599099099099099 0.3827777777777778 0.03753753753753756 0.1433333333333333
3 0.7038288288288288 0.33777777777777773 0.03228228228228218 0.13111111111111107
3 0.6238738738738739 0.33944444444444444 0.03453453453453456 0.11666666666666671
0 0.7541291291291291 0.08833333333333332 0.015765765765765705 0.025555555555555554
