2 0.36729119638826185 0.3988888888888889 0.10129420617005266 0.16444444444444442
2 0.5479458239277653 0.5694444444444445 0.13240030097817906 0.2566666666666667
3 0.45782539225188046 0.9205555555555549 0.204198567504034 0.15888888888888864
3 0.3158465011286682 0.6922222222222223 0.06221218961625283 0.2533333333333334
3 0.41753950338600454 0.5811111111111111 0.05184349134687736 0.19333333333333336
3 0.6743641835966891 0.5655555555555556 0.05184349134687736 0.2044444444444445
3 0.7361775771256583 0.5427777777777778 0.05104589917230996 0.20333333333333328
3 0.8051693002257337 0.6266666666666667 0.04705793829947325 0.2177777777777777
3 0.8502407428175996 0.905 0.09572603040570328 0.19
3 0.6221218961625283 0.45777777777777784 0.04466516177577127 0.1577777777777778
3 0.6875244544770505 0.3072222222222223 0.046260346124905996 0.1388888888888889
3 0.634484574868322 0.32888888888888895 0.03908201655379983 0.1488888888888889
3 0.5973965387509406 0.34055555555555556 0.035094055680963125 0.1522222222222222
3 0.5627012791572611 0.33777777777777784 0.03748683220466518 0.14666666666666664
3 0.4893227990970655 0.3366666666666667 0.04865312264860797 0.1488888888888889
3 0.43787810383747183 0.3794444444444445 0.04466516177577127 0.16333333333333339
3 0.303882618510158 0.34222222222222226 0.03190368698269374 0.12666666666666676
3 0.49131677953348385 0.24 0.02871331828442436 0.09555555555555553
3 0.5559217456734388 0.2572222222222223 0.03190368698269374 0.07000000000000003
0 0.7545221971407073 0.06666666666666668 0.01435665914221218 0.020000000000000007
