2 0.5671921921921922 0.7677777777777777 0.14189189189189194 0.29777777777777764
3 0.8198198198198199 0.5861111111111111 0.05105105105105096 0.21888888888888886
3 0.23048048048048045 0.7411111111111112 0.07807807807807808 0.22000000000000008
2 0.31193693693693697 0.5516666666666666 0.12087087087087084 0.24555555555555558
2 0.4872372372372372 0.5177777777777778 0.09609609609609614 0.22444444444444442
3 0.6509009009009009 0.47055555555555556 0.028528528528528555 0.13666666666666663
3 0.5810810810810811 0.47055555555555556 0.03903903903903903 0.16111111111111115
3 0.7135885885885886 0.39333333333333337 0.02627627627627632 0.12888888888888886
3 0.6996996996996997 0.34388888888888886 0.03153153153153141 0.13666666666666663
3 0.6595345345345345 0.3827777777777778 0.027777777777777856 0.12111111111111114
3 0.628003003003003 0.43 0.027777777777777856 0.15555555555555556
3 0.5938438438438439 0.41111111111111115 0.03603603603603595 0.14444444444444443
3 0.6197447447447447 0.34888888888888886 0.024774774774774713 0.1311111111111111
3 0.566066066066066 0.3633333333333333 0.03453453453453456 0.14666666666666667
3 0.5213963963963963 0.35944444444444446 0.03528528528528525 0.14333333333333337
3 0.47109609609609604 0.37833333333333335 0.03678678678678686 0.13444444444444448
3 0.4894894894894895 0.35666666666666663 0.031531531531531556 0.15999999999999998
3 0.41516516516516516 0.4372222222222223 0.031531531531531556 0.16111111111111107
3 0.42454954954954954 0.3805555555555556 0.03528528528528532 0.14111111111111113
3 0.371996996996997 0.3927777777777777 0.03528528528528525 0.13888888888888892
0 0.7545045045045046 0.08555555555555555 0.01801801801801801 0.02666666666666668
