3 0.5004965742698193 0.8738888888888888 0.07419104169238494 0.2522222222222221
3 0.3800601559101504 0.8738888888888888 0.06461993559757694 0.2522222222222221
3 0.4909179834462002 0.6933333333333335 0.04705793829947332 0.23777777777777773
3 0.5571181339352897 0.6916666666666668 0.05024830699774263 0.24111111111111108
2 0.7605041384499625 0.7127777777777778 0.18424379232505658 0.32333333333333336
2 0.5124529721595185 0.5633333333333335 0.11884123401053422 0.24
2 0.3361851010785719 0.5911111111111108 0.16510158113856727 0.33111111111111086
3 0.602979683972912 0.4194444444444445 0.036689240030097776 0.16333333333333327
3 0.6316930022573364 0.3855555555555556 0.03349887133182847 0.15333333333333335
3 0.6771557562076751 0.3872222222222223 0.030308502633559015 0.15000000000000002
3 0.706267870579383 0.3433333333333334 0.02951091045899176 0.1488888888888889
3 0.5599097065462755 0.37333333333333335 0.035094055680963125 0.1444444444444444
3 0.5240180586907449 0.3866666666666667 0.04626034612490592 0.128888888888889
3 0.454627539503386 0.38388888888888895 0.04306997742663654 0.1433333333333333
3 0.4215274642588413 0.36333333333333345 0.03270127915726114 0.14222222222222222
3 0.37726109857035367 0.35166666666666674 0.038284424379232504 0.13444444444444442
3 0.34216704288939054 0.35611111111111116 0.04626034612490592 0.14333333333333328
3 0.4761625282167043 0.3433333333333334 0.02871331828442443 0.1511111111111111
3 0.5076674191121144 0.3444444444444445 0.024725357411587653 0.11777777777777775
3 0.5311963882618511 0.3244444444444445 0.027118133935289633 0.14666666666666675
3 0.5694808126410835 0.3350000000000001 0.035094055680963125 0.15444444444444447
3 0.652829194883371 0.24722222222222226 0.02632054176072245 0.11444444444444443
3 0.6851316779533485 0.2794444444444445 0.035094055680963125 0.12555555555555556
