2 0.3652972159518435 0.4016666666666667 0.10528216704288937 0.17222222222222228
2 0.5515349887133183 0.6366666666666667 0.1523401053423627 0.2822222222222222
3 0.40238525206922504 0.733888888888889 0.07417607223476302 0.2700000000000001
3 0.1950187714105266 0.9177777777777777 0.0773814103906544 0.16444444444444442
3 0.7026787057938298 0.7322222222222223 0.0717832957110609 0.25333333333333335
3 0.779646350049504 0.7283333338607977 0.06939051918735885 0.24555555555555558
3 0.8179307746647665 0.883333333333333 0.07098570424458323 0.23111111111111107
3 0.6592099322799098 0.5583333333333335 0.056629044394281396 0.20111111111111113
3 0.44066967644845745 0.4333333333333334 0.042272385252069215 0.17555555555555558
3 0.715838976674191 0.37333333333333335 0.045462753950338455 0.1511111111111111
3 0.6428592927012793 0.3672222222222223 0.04306997742663654 0.15666666666666665
3 0.5969977426636569 0.34444444444444444 0.042272385252069215 0.14666666666666664
3 0.5627012791572611 0.34277777777777785 0.02951091045899176 0.14555555555555563
3 0.4869300225733635 0.34 0.04386756960120394 0.14
3 0.49171557562076756 0.255 0.03429646350639579 0.09888888888888889
3 0.5551241534988713 0.26888888888888896 0.036689240030097776 0.09555555555555557
3 0.30587659894657643 0.34666666666666673 0.03429646350639576 0.1355555555555556
