2 0.5668168168168168 0.7683333333333333 0.15615615615615625 0.30111111111111105
3 0.7049549549549551 0.7855555555555556 0.06456456456456451 0.27333333333333343
2 0.2950450442674563 0.6188888888888888 0.13513513513513517 0.2711111111111111
2 0.48948948948948945 0.5211111111111112 0.10810810810810807 0.2266666666666667
3 0.37124624624624625 0.3861111111111111 0.04279279279279279 0.1433333333333333
3 0.4159159159159159 0.44111111111111106 0.03603603603603602 0.18
3 0.47297297297297297 0.36777777777777776 0.031531531531531556 0.1111111111111111
3 0.522897897897898 0.3466666666666666 0.03828828828828833 0.12666666666666668
3 0.632132132132132 0.4288888888888889 0.034534534534534415 0.14888888888888885
3 0.7150900900900902 0.4083333333333334 0.03528528528528525 0.15444444444444444
3 0.6584084084084084 0.3827777777777778 0.03303303303303295 0.1433333333333333
3 0.5957207207207208 0.41333333333333333 0.03528528528528525 0.15555555555555556
3 0.5698198198198198 0.3672222222222222 0.03453453453453463 0.14333333333333328
3 0.6253753753753755 0.34388888888888886 0.039039039039039096 0.12333333333333335
3 0.6996996996996997 0.33777777777777773 0.03753753753753756 0.11333333333333336
0 0.7537537537537538 0.08611111111111111 0.016516516516516474 0.02333333333333335
