2 0.5668168168168168 0.7661111111111112 0.15015015015015018 0.31444444444444436
3 0.22710210210210213 0.7433333333333333 0.08783783783783786 0.2444444444444445
2 0.31081081044978753 0.5500000000000003 0.1216216223436685 0.2444444444444446
2 0.487987987987988 0.5177777777777777 0.10060060060060066 0.22666666666666666
3 0.265015015015015 0.43277777777777776 0.04504504504504503 0.14333333333333342
3 0.41704204204204204 0.43777777777777777 0.03528528528528525 0.17555555555555558
3 0.3693693693693693 0.39 0.040540540540540564 0.1488888888888889
3 0.6497747747747747 0.47888888888888886 0.04129129129129133 0.15999999999999992
3 0.5762012012012012 0.45611111111111113 0.047297297297297404 0.1855555555555555
3 0.5968468468468469 0.40277777777777773 0.03003003003003002 0.13666666666666663
3 0.6283783783783784 0.425 0.02552552552552555 0.14555555555555558
3 0.7113363363363362 0.38833333333333336 0.033783783783783716 0.1388888888888889
3 0.6572822822822824 0.39 0.032282282282282325 0.14444444444444443
3 0.7012012012012012 0.335 0.034534534534534485 0.10555555555555557
3 0.6617867867867868 0.3338888888888889 0.032282282282282325 0.11000000000000004
3 0.6216216216216217 0.3477777777777778 0.031531531531531556 0.13777777777777783
3 0.5679429429429429 0.35888888888888887 0.032282282282282256 0.14
3 0.5236486486486487 0.35333333333333333 0.03528528528528525 0.14000000000000004
3 0.46996996996997 0.3761111111111111 0.031531531531531556 0.13000000000000003
3 0.48986486486486486 0.3472222222222222 0.032282282282282256 0.15
