3 0.49890138992068456 0.8772222222222222 0.08376214778719308 0.24555555555555542
3 0.5571181339352897 0.6983333333333335 0.05822422874341612 0.24555555555555572
3 0.49051918735891653 0.698888888888889 0.049450714823175305 0.24
3 0.1268246404850187 0.8716666666666667 0.08934529300916454 0.2566666666666666
2 0.5144469525959369 0.5694444444444445 0.11644845748683216 0.25000000000000006
3 0.36410082768999247 0.41166666666666674 0.04067720090293456 0.13888888888888887
3 0.45662151993980443 0.3866666666666667 0.03748683220466511 0.1533333333333333
3 0.602979683972912 0.41111111111111115 0.03349887133182847 0.14666666666666664
3 0.633288186606471 0.39333333333333337 0.030308502633559088 0.15777777777777782
3 0.677155756207675 0.39111111111111113 0.02871331828442436 0.14888888888888893
3 0.7445522949586154 0.38777777777777783 0.031106094808126414 0.15555555555555556
3 0.7708728367193379 0.3550000000000001 0.03589164785553038 0.1388888888888889
3 0.7892174567343868 0.3255555555555556 0.042272385252069285 0.1244444444444445
3 0.7058690744920995 0.35111111111111115 0.030308502633559015 0.14444444444444454
3 0.6600075244544772 0.3577777777777778 0.026320541760722307 0.14
3 0.7202257336343115 0.2827777777777778 0.0223325808878856 0.1322222222222222
3 0.5615048908954101 0.38500000000000006 0.03349887133182847 0.14777777777777776
3 0.5730699774266366 0.3444444444444445 0.02951091045899176 0.15333333333333332
3 0.5244168547780287 0.39277777777777784 0.03908201655379983 0.13666666666666671
3 0.475364936042137 0.3494444444444445 0.03349887133182847 0.15
3 0.5128517682468021 0.35611111111111116 0.02871331828442436 0.13666666666666671
3 0.4163431151241535 0.37111111111111117 0.035094055680963125 0.14666666666666667
3 0.301489841868441 0.4094444444444445 0.04785553047404061 0.14333333333333328
3 0.31106094808126417 0.3377777777777778 0.03030850263355905 0.11777777777777781
0 0.7541234010534237 0.065 0.015154251316779437 0.021111111111111126
