2 0.5331903686982694 0.7216666666666667 0.155530474040632 0.37888888888888883
2 0.6947027840481564 0.4966666666666668 0.14675696012039124 0.21111111111111114
3 0.4681866064710309 0.4922222222222223 0.04785553047404065 0.19111111111111115
3 0.5583145221971407 0.3844444444444445 0.036689240030097776 0.14666666666666667
3 0.5048758465011286 0.2505555555555556 0.03190368698269374 0.12333333333333332
3 0.5503386004514673 0.235 0.03349887133182847 0.10555555555555554
3 0.5862302483069978 0.23500000000000007 0.038284424379232504 0.11444444444444446
2 0.5136493604213694 0.18666666666666668 0.052641083521444684 0.0866666666666667
2 0.39401053352817816 0.3761111111111113 0.11644845890301161 0.21444444444444463
3 0.3848382242287434 0.2544444444444445 0.031106094808126414 0.1
