3 0.5036869429680887 0.8744444444444446 0.07419104169238494 0.251111111111111
3 0.5615048908954101 0.6922222222222223 0.05742663656884872 0.23333333333333342
3 0.48812641083521446 0.695 0.052641083521444754 0.24555555555555558
2 0.5120541760722348 0.5561111111111112 0.13080511662904443 0.25000000000000017
2 0.33658389766741914 0.5861111111111112 0.1770654627539503 0.3255555555555556
3 0.33897667419112115 0.35166666666666674 0.04785553047404065 0.12111111111111114
3 0.3784574868322047 0.35333333333333344 0.03429646350639587 0.15333333333333335
3 0.602979683972912 0.41055555555555556 0.03190368698269374 0.15666666666666665
3 0.6352821670428894 0.3933333333333334 0.03748683220466511 0.16444444444444448
3 0.6731677953348383 0.38833333333333336 0.03349887133182847 0.15222222222222226
3 0.7062678705793831 0.345 0.031106094808126414 0.14555555555555555
3 0.5619036869826938 0.38000000000000006 0.04067720090293456 0.1355555555555556
3 0.5236192626034613 0.39555555555555555 0.04705793829947325 0.13333333333333336
3 0.4530323551542514 0.3816666666666667 0.036689240030097776 0.13888888888888895
3 0.42192626034612496 0.37 0.031903686982693816 0.14888888888888893
3 0.4761625282167043 0.34222222222222226 0.035094055680963125 0.14000000000000004
3 0.5084650112866818 0.3544444444444445 0.024725357411587653 0.14222222222222225
3 0.6799473288186607 0.2877777777777778 0.03270127915726107 0.11333333333333336
0 0.7545221971407073 0.06777777777777778 0.017547027840481632 0.020000000000000007
