2 0.36489841986455984 0.40222222222222226 0.10448457486832212 0.17333333333333337
2 0.5519337848006021 0.6011111111111112 0.13559066967644845 0.2622222222222222
3 0.41714070729872094 0.6427777777777779 0.0622121896162529 0.23888888888888885
3 0.2711813393528969 0.8055555555555557 0.06540255831452217 0.2666666666666667
3 0.8151392024078254 0.7516666666666667 0.06221218961625283 0.2611111111111111
3 0.7589089541008278 0.6177777777777779 0.059819413092550774 0.2244444444444445
3 0.6899172310007525 0.6255555555555555 0.06061700526711803 0.21999999999999992
3 0.6376749435665914 0.4983333333333334 0.05184349134687743 0.1855555555555555
3 0.6998871331828442 0.34 0.04386756960120394 0.14222222222222225
3 0.6396689240030098 0.3433333333333334 0.04626034612490592 0.14222222222222225
3 0.599390519187359 0.34166666666666673 0.03908201655379983 0.14111111111111113
3 0.5646952595936795 0.3388888888888889 0.035094055680963125 0.14000000000000004
3 0.5563205417607224 0.2633333333333334 0.03429646350639572 0.09333333333333335
3 0.4905191873589165 0.3338888888888889 0.04466516177577127 0.13888888888888887
3 0.44106847253574116 0.40666666666666673 0.04147479307750181 0.16444444444444442
3 0.4909179834462002 0.24833333333333335 0.02791572610985703 0.08777777777777782
3 0.3046802106847254 0.3450000000000001 0.02392776523702029 0.1388888888888889
