3 0.5036869429680887 0.8788888888888888 0.07100067299411571 0.24222222222222214
3 0.5611060948081265 0.6994444444444445 0.04865312264860797 0.25
3 0.49051918735891653 0.69 0.04785553047404065 0.21777777777777785
2 0.5124529721595185 0.5661111111111112 0.1220316027088036 0.25000000000000017
2 0.33817908201655383 0.5888888888888889 0.15792325056433412 0.3133333333333333
3 0.604176072234763 0.41555555555555557 0.02951091045899169 0.1577777777777778
3 0.6312942061700526 0.3916666666666667 0.026320541760722377 0.1611111111111111
3 0.6771557562076751 0.3922222222222223 0.031903686982693816 0.15333333333333343
3 0.6600075244544772 0.3566666666666667 0.03429646350639572 0.14444444444444443
3 0.7038750940556809 0.3538888888888889 0.023130173062452998 0.1522222222222223
3 0.6815425131677955 0.2977777777777778 0.031106094808126414 0.14
3 0.7146425884123402 0.29444444444444445 0.036689240030097776 0.14222222222222222
3 0.559112114371708 0.3844444444444445 0.035094055680963125 0.14888888888888885
3 0.5694808126410835 0.345 0.02552294958615498 0.15222222222222226
3 0.520428893905192 0.3972222222222223 0.04865312264860797 0.11888888888888886
3 0.506869826937547 0.35777777777777786 0.026320541760722377 0.1355555555555556
3 0.5327915726109858 0.33111111111111113 0.027118133935289706 0.13333333333333336
3 0.4530323551542514 0.3872222222222223 0.036689240030097776 0.15000000000000002
3 0.4749661399548533 0.34833333333333344 0.03429646350639579 0.14777777777777779
3 0.4191346877351393 0.37000000000000005 0.03748683220466525 0.14444444444444446
3 0.3736719337848007 0.3566666666666667 0.03589164785553045 0.13555555555555557
3 0.33817908201655383 0.3627777777777778 0.038284424379232504 0.13222222222222224
0 0.7529270127915726 0.06444444444444444 0.015951843491346977 0.028888888888888884
