2 0.5686936936936937 0.7677777777777777 0.14489489489489493 0.29777777777777764
3 0.2312312312312312 0.7338888888888888 0.07957957957957962 0.24555555555555558
3 0.16554054054054057 0.6583333333333334 0.0503003003003003 0.22555555555555556
2 0.31531531531531537 0.5511111111111111 0.10960960960960964 0.22888888888888892
2 0.484984984984985 0.52 0.0975975975975976 0.22
3 0.6520270270270271 0.47166666666666673 0.03528528528528525 0.15888888888888886
3 0.6276276276276277 0.425 0.03453453453453463 0.14111111111111113
3 0.5777027027027027 0.46055555555555555 0.04429429429429433 0.15666666666666665
3 0.5953453453453453 0.41388888888888886 0.033033033033033024 0.1522222222222222
3 0.7117117117117118 0.3894444444444444 0.03453453453453463 0.14555555555555558
3 0.6576576576576576 0.37888888888888894 0.031531531531531556 0.13333333333333333
3 0.7034534534534536 0.33888888888888885 0.03153153153153141 0.12888888888888886
3 0.664039039039039 0.34611111111111115 0.033783783783783716 0.14333333333333337
3 0.6219969969969971 0.3472222222222222 0.032282282282282256 0.12777777777777774
3 0.5690690690690691 0.3633333333333333 0.03153153153153141 0.1311111111111111
3 0.524024024024024 0.35 0.034534534534534485 0.12444444444444443
3 0.47372372372372373 0.37222222222222223 0.03303303303303309 0.1288888888888889
3 0.4872372372372372 0.35055555555555556 0.033033033033033024 0.13666666666666663
3 0.41554054054054057 0.435 0.032282282282282325 0.15888888888888894
3 0.4264264264264264 0.37833333333333335 0.03603603603603602 0.12777777777777774
3 0.3716216216216216 0.39444444444444443 0.028528528528528555 0.14
0 0.7522522522522521 0.08444444444444445 0.01801801801801801 0.02666666666666668
