3 0.49650861339698266 0.8744444444444446 0.07897659473978912 0.251111111111111
3 0.4131527464258842 0.7094444444444445 0.04306997742663661 0.25
3 0.4853348382242288 0.6827777777777778 0.045462753950338594 0.22555555555555565
3 0.5551241534988713 0.6955555555555557 0.04626034612490592 0.2555555555555556
2 0.7421595184349136 0.6350000000000001 0.17786305492851767 0.2811111111111112
2 0.5096613995485327 0.5533333336347416 0.1180436418359669 0.20666666666666672
2 0.332197139527149 0.5811111111111111 0.174672688590547 0.32666666666666677
3 0.3381790820165538 0.3538888888888889 0.0398796087283672 0.12555555555555556
3 0.37407072987208423 0.3527777777777778 0.03190368698269374 0.13
3 0.60058690744921 0.41166666666666674 0.035094055680963125 0.1522222222222223
3 0.6300978179082017 0.3861111111111111 0.030308502633559158 0.15444444444444444
3 0.6719714070729873 0.3777777777777779 0.027915726109856962 0.13333333333333333
3 0.7070654627539504 0.34277777777777785 0.02951091045899176 0.1322222222222222
3 0.5619036869826938 0.3744444444444445 0.04067720090293456 0.13333333333333333
3 0.5244168547780287 0.3855555555555556 0.05503386004514674 0.12888888888888894
3 0.452234762979684 0.3844444444444445 0.038284424379232504 0.14666666666666667
3 0.423122648607976 0.3683333333333334 0.031106094808126487 0.14777777777777779
3 0.4749661399548533 0.3383333333333334 0.03429646350639579 0.13888888888888895
3 0.5088638073739654 0.34722222222222227 0.027118133935289706 0.13666666666666674
3 0.681941309255079 0.28666666666666674 0.036689240030097776 0.10000000000000003
3 0.6520316027088036 0.2516666666666667 0.042272385252069215 0.10777777777777779
