2 0.5679429429429429 0.7644444444444445 0.1373873873873874 0.3
3 0.23010510510510507 0.745 0.06681681681681678 0.23222222222222222
2 0.31531531531531537 0.55 0.11261261261261257 0.23777777777777773
2 0.4872372367929008 0.5188888888888888 0.093093093093093 0.2222222222222222
3 0.649024024024024 0.4722222222222222 0.032282282282282325 0.15111111111111114
3 0.7725225225225225 0.405 0.03903903903903896 0.15444444444444444
3 0.7113363363363363 0.39555555555555555 0.030780780780780788 0.13111111111111115
3 0.6606606606606608 0.3738888888888889 0.034534534534534485 0.10999999999999996
3 0.628003003003003 0.43 0.027777777777777856 0.14222222222222222
3 0.575075075075075 0.45444444444444443 0.03753753753753756 0.15111111111111114
3 0.5964714714714715 0.40444444444444444 0.03378378378378379 0.13333333333333328
3 0.5683183183183182 0.365 0.027027027027027088 0.14555555555555558
3 0.6204954954954955 0.34055555555555556 0.032282282282282256 0.12777777777777774
3 0.7012012012012011 0.34 0.031531531531531556 0.12444444444444443
3 0.41704204204204204 0.435 0.03528528528528525 0.1522222222222222
3 0.371996996996997 0.39444444444444443 0.03678678678678679 0.14222222222222228
3 0.4725975975975976 0.37222222222222223 0.030780780780780788 0.11999999999999997
3 0.5225225225225225 0.3483333333333333 0.031531531531531556 0.1255555555555555
3 0.4876126126126127 0.34166666666666673 0.030780780780780857 0.1277777777777778
3 0.42530030030030036 0.3766666666666667 0.03378378378378379 0.1288888888888889
0 0.7533783783783784 0.085 0.014264264264264312 0.02555555555555557
