3 0.49890138992068456 0.8761111111111112 0.07100067299411555 0.2477777777777777
3 0.4167419112114372 0.713888888888889 0.04386756960120394 0.2722222222222223
3 0.4885252069224981 0.68 0.0614145974416855 0.19777777777777786
3 0.5638976674191122 0.6911111111111112 0.05742663656884872 0.22888888888888892
2 0.3405718585402559 0.5861111111111111 0.1563280662151994 0.33
2 0.5156433408577878 0.5533333333333333 0.11565086531226484 0.23333333333333328
2 0.7445522949586156 0.633888888888889 0.17945823927765248 0.2633333333333335
3 0.26480060195635813 0.4516666666666667 0.0398796087283672 0.16777777777777786
3 0.6025808878856282 0.41333333333333344 0.04386756960120394 0.15333333333333335
3 0.6767569601203914 0.3883333333333334 0.031106094808126414 0.13888888888888892
3 0.5200300978179082 0.4016666666666667 0.04306997742663654 0.12111111111111114
3 0.5615048908954101 0.3755555555555556 0.030308502633559015 0.13111111111111107
3 0.4546275395033861 0.383888888888889 0.03668924003009785 0.1344444444444445
3 0.42352144469525965 0.36111111111111116 0.03668924003009785 0.11999999999999997
3 0.37965387509405574 0.35333333333333333 0.030308502633559088 0.13555555555555554
3 0.34256583897667425 0.34833333333333344 0.03589164785553045 0.1277777777777778
3 0.47775771256583893 0.3388888888888889 0.03190368698269374 0.1333333333333334
3 0.7066666666666667 0.34444444444444444 0.03828442437923257 0.1311111111111111
3 0.6552219714070731 0.35111111111111115 0.04067720090293456 0.14
3 0.6141459744168548 0.3500000000000001 0.04306997742663654 0.1288888888888889
3 0.5068698269375471 0.355 0.02153498871331834 0.1322222222222222
0 0.7541234010534237 0.06555555555555558 0.01834462001504903 0.020000000000000007
