3 0.5012941664443866 0.8772222222222222 0.09492843823113589 0.24555555555555542
2 0.7872234762979684 0.7850000000000001 0.21215951843491354 0.3522222222222224
3 0.5599097065462755 0.6894444444444445 0.05902182091798345 0.241111111111111
3 0.4861324303987961 0.69 0.059819413092550774 0.21777777777777785
2 0.5156433408577878 0.5616666666666668 0.12362678705793834 0.23222222222222227
2 0.3313995485327314 0.5794444444444445 0.1730775018811136 0.31000000000000005
3 0.34057185854025585 0.3572222222222223 0.0446651617757713 0.13
3 0.37965387509405574 0.3544444444444445 0.03987960872836716 0.14222222222222225
3 0.599390519187359 0.41666666666666674 0.03270127915726107 0.16888888888888887
3 0.6285026331460147 0.40444444474585267 0.03828442437923257 0.1755555555555556
3 0.6731677953348383 0.3922222222222223 0.036689240030097776 0.15111111111111114
3 0.7074642588412341 0.34222222222222226 0.02871331828442436 0.13333333333333333
3 0.6544243792325056 0.35277777777777786 0.027915726109856962 0.12555555555555561
3 0.6883220466516178 0.2894444444444445 0.03349887133182847 0.11
3 0.6584123401053423 0.2538888888888889 0.03748683220466518 0.13666666666666663
3 0.5611060948081265 0.3744444444444445 0.02951091045899169 0.13333333333333333
3 0.5734687735139202 0.3244444444444445 0.03190368698269374 0.1266666666666667
3 0.525214446952596 0.3872222222222223 0.04865312264860797 0.12777777777777785
3 0.5088638073739654 0.3538888888888889 0.02871331828442436 0.1366666666666667
3 0.5319939804364184 0.32000000000000006 0.02871331828442436 0.1288888888888889
3 0.4538299473288187 0.3805555555555556 0.038284424379232504 0.14333333333333337
3 0.47895410082769 0.3344444444444445 0.026320541760722307 0.14666666666666672
3 0.42152746425884124 0.3622222222222222 0.031106094808126414 0.1311111111111111
3 0.4163431151241535 0.32333333333333336 0.03349887133182847 0.12
