3 0.20338600451467273 0.7022222222222223 0.05423626787057938 0.24222222222222228
3 0.5303987960872837 0.7327777777777779 0.06380737396538748 0.24777777777777793
2 0.34615500334917476 0.5511111111111109 0.15792325139043856 0.29333333333333306
3 0.46220466516177583 0.4738888888888889 0.03748683220466518 0.18111111111111114
3 0.5319939804364184 0.4822222222222223 0.035094055680963125 0.1844444444444445
3 0.5918133935289692 0.43555555555555564 0.049450714823175305 0.1866666666666667
2 0.5180361173814899 0.36388888888888893 0.09491346877351389 0.15
2 0.7222197140707298 0.5894444444444445 0.16510158013544016 0.2788888888888889
3 0.3652972159518435 0.22777777777777777 0.027118133935289706 0.10666666666666667
3 0.4079683972911964 0.25 0.02951091045899176 0.1111111111111111
3 0.4422648607975922 0.20222222222222225 0.027915726109857104 0.08666666666666666
3 0.477757712565839 0.2172222222222222 0.02552294958615505 0.10555555555555554
3 0.5192325056433409 0.24666666666666667 0.027118133935289706 0.09777777777777778
3 0.5910158013544019 0.2616666666666667 0.03190368698269374 0.11888888888888889
3 0.6428592927012793 0.2533333333333334 0.02871331828442443 0.11555555555555558
3 0.5694808126410835 0.21833333333333335 0.023927765237020324 0.09222222222222225
3 0.6257110609480813 0.18611111111111114 0.024725357411587653 0.08777777777777779
3 0.498495109222605 0.14555555563090763 0.014356659142212253 0.0666666666666667
3 0.5124529721595185 0.18611111111111114 0.023130173062452925 0.07666666666666667
3 0.5646952595936795 0.16944444444444443 0.023927765237020254 0.0788888888888889
3 0.6081640331075997 0.15722222222222224 0.023130173062452998 0.0788888888888889
3 0.6336869826937547 0.1488888888888889 0.01834462001504896 0.07333333333333333
3 0.5455530474040633 0.15444444444444447 0.020737396538750872 0.07111111111111112
1 0.7529270127915726 0.11166666666666668 0.015951843491346977 0.02777777777777775
