3 0.5216252821670428 0.828888888888889 0.07337848006019562 0.27333333333333343
3 0.44106847253574116 0.5455555555555557 0.04306997742663661 0.19555555555555557
3 0.5124529721595185 0.5755555555555557 0.04067720090293456 0.22000000000000008
3 0.5842362678705794 0.5144444444444445 0.04067720090293449 0.20888888888888893
2 0.33498871290523213 0.5783333333333333 0.15154251399389979 0.3011111111111112
2 0.5156433408577878 0.4255555555555556 0.09969902182091793 0.1911111111111112
2 0.7317908201655381 0.613888888888889 0.16988713318284426 0.3011111111111112
3 0.3306019563581641 0.2966666666666667 0.03429646350639576 0.12000000000000004
3 0.38723100075244543 0.2844444444444445 0.04067720090293449 0.10666666666666672
3 0.42870579382994733 0.24333333333333335 0.026320541760722377 0.10222222222222226
3 0.4669902182091799 0.25277777777777777 0.02951091045899169 0.11000000000000004
3 0.5124529721595185 0.28666666666666674 0.03589164785553045 0.1088888888888889
3 0.5934085778781039 0.30111111111111116 0.035094055680963125 0.12666666666666668
3 0.5694808126410835 0.2511111111111111 0.035094055680963125 0.10000000000000003
3 0.6548231753197894 0.29 0.03349887133182847 0.13555555555555554
3 0.6316930022573364 0.22277777777777782 0.031903686982693885 0.10333333333333336
3 0.503280662151994 0.2127777777777778 0.035094055680963125 0.09666666666666668
3 0.5383747178329571 0.18611111111111114 0.02073739653875094 0.08555555555555559
3 0.5718735891647856 0.1966666666666667 0.02552294958615505 0.0911111111111111
3 0.6129495861550037 0.17611111111111113 0.024725357411587653 0.09000000000000002
3 0.6476448457486833 0.18166666666666673 0.028713318284424503 0.0877777777777778
1 0.7545221971407073 0.11166666666666668 0.019142212189616287 0.025555555555555554
