2 0.5694444444444444 0.7716666666666667 0.14639639639639632 0.31222222222222235
3 0.23048048048048053 0.74 0.07207207207207209 0.23333333333333342
2 0.48986486486486486 0.5144444444444445 0.10285285285285284 0.2222222222222222
2 0.31681681681681684 0.5433333333333333 0.1006006006006006 0.23777777777777787
3 0.27552552552552556 0.405 0.04804804804804799 0.13444444444444442
3 0.41328828828828834 0.4361111111111111 0.032282282282282256 0.16111111111111115
3 0.5784534534534534 0.4533333333333333 0.04429429429429433 0.1755555555555555
3 0.6524024024024024 0.4777777777777778 0.03603603603603602 0.14
3 0.6261261261261262 0.4294444444444444 0.031531531531531556 0.1455555555555555
3 0.5957207207207208 0.4072222222222222 0.030780780780780788 0.14111111111111113
3 0.7120870870870871 0.39111111111111113 0.03378378378378386 0.15333333333333332
3 0.6557807807807808 0.37777777777777777 0.03528528528528532 0.1311111111111111
3 0.6951951951951952 0.3316666666666667 0.034534534534534485 0.1277777777777778
3 0.6614114114114114 0.33888888888888885 0.02402402402402416 0.12888888888888886
3 0.6201201201201202 0.3483333333333333 0.03453453453453463 0.1344444444444445
3 0.566066066066066 0.3605555555555556 0.03153153153153149 0.1411111111111112
3 0.5236486486486487 0.3511111111111111 0.03228228228228218 0.13555555555555554
3 0.47184684684684686 0.3733333333333333 0.027777777777777787 0.1311111111111111
3 0.48686186186186187 0.3511111111111111 0.030780780780780788 0.14
3 0.37087087087087084 0.3916666666666667 0.03603603603603609 0.14111111111111108
3 0.423048048048048 0.3894444444444444 0.02927927927927925 0.14777777777777776
