3 0.4933182446987132 0.8744444444444446 0.08376214778719322 0.251111111111111
3 0.4163431151241535 0.717777777777778 0.05583145221971406 0.2666666666666667
3 0.48732881866064715 0.7022222222222223 0.06221218961625283 0.24222222222222228
3 0.5587133182844244 0.6955555555555557 0.05822422874341612 0.2466666666666667
2 0.3385778781038375 0.5777777777777778 0.15872084273890139 0.31777777777777794
2 0.5140481565086532 0.5533333333333335 0.12522197140707297 0.22888888888888892
2 0.7401655379984952 0.6294444444444445 0.18025583145221988 0.2766666666666667
3 0.27756207674943567 0.40833333333333344 0.03349887133182843 0.15888888888888894
3 0.3397742663656885 0.35833333333333345 0.03349887133182847 0.1322222222222222
3 0.3752671181339353 0.35333333333333333 0.031106094808126414 0.13111111111111115
3 0.41793829947328814 0.3644444444444445 0.023927765237020324 0.1355555555555556
3 0.4530323551542514 0.37888888888888894 0.03987960872836723 0.14222222222222225
3 0.520428893905192 0.39333333333333337 0.042272385252069215 0.10444444444444442
3 0.5599097065462755 0.38111111111111123 0.027118133935289633 0.14000000000000004
3 0.5997893152746426 0.40666666666666673 0.03987960872836723 0.15333333333333343
3 0.6767569601203914 0.38611111111111124 0.029510910458991617 0.15000000000000002
3 0.707464258841234 0.34 0.035094055680963125 0.1244444444444445
3 0.6600075244544772 0.3500000000000001 0.03270127915726121 0.13111111111111115
3 0.6129495861550037 0.3433333333333334 0.04067720090293449 0.13333333333333328
3 0.47855530474040636 0.3388888888888889 0.03349887133182847 0.14000000000000004
0 0.7533258088788563 0.06611111111111112 0.015154251316779579 0.021111111111111115
