3 0.5012941664443867 0.8744444444444446 0.0821669634380585 0.251111111111111
3 0.4159443190368698 0.7155555555555557 0.05024830699774263 0.25111111111111123
3 0.49530474040632055 0.7005555555555556 0.05423626787057941 0.21888888888888886
3 0.5631000752445448 0.693888888888889 0.05902182091798345 0.24333333333333343
2 0.33897667419112115 0.578888888888889 0.15313769751693002 0.30222222222222234
3 0.2544319036869827 0.5050000000000001 0.04147479307750188 0.18111111111111114
2 0.5156433408577878 0.5594444444444445 0.12522197140707297 0.22333333333333327
2 0.7485402558314523 0.6366666666666667 0.1906245297215952 0.2777777777777779
3 0.6037772761474793 0.4222222222222223 0.035094055680963125 0.1666666666666667
3 0.677155756207675 0.3877777777777778 0.036689240030097776 0.1511111111111111
3 0.5611060948081265 0.3772222222222223 0.03429646350639579 0.13222222222222224
3 0.526410835214447 0.40222222222222226 0.046260346124905996 0.1266666666666667
3 0.4554251316779534 0.39277777777777784 0.035094055680963125 0.1544444444444445
3 0.4191346877351393 0.3727777777777779 0.02951091045899169 0.1277777777777778
3 0.37606471030850264 0.36 0.03589164785553052 0.1355555555555555
3 0.3409706546275395 0.3538888888888889 0.02951091045899176 0.1366666666666667
3 0.476561324303988 0.3400000000000001 0.02791572610985703 0.1355555555555556
3 0.7062678705793831 0.345 0.03908201655379983 0.1344444444444445
3 0.6552219714070731 0.35111111111111115 0.031106094808126414 0.11777777777777772
3 0.6169375470278404 0.358888888888889 0.03589164785553045 0.13333333333333336
3 0.506869826937547 0.3572222222222223 0.026320541760722377 0.14555555555555558
