3 0.499698982095252 0.8738888888888888 0.06461993559757694 0.2522222222222221
3 0.42551542513167795 0.6655555555555557 0.05184349134687736 0.24444444444444444
3 0.49171557562076756 0.6533333333333334 0.04386756960120387 0.2311111111111112
3 0.559112114371708 0.6305555555555556 0.04785553047404058 0.241111111111111
2 0.33578630428319856 0.5861111111111108 0.16589917472931406 0.3366666666666667
2 0.5172385252069225 0.5244444444444445 0.12681715575620764 0.2266666666666667
2 0.7441534992548807 0.6333333333333334 0.1690895381169108 0.2977777777777779
3 0.26679458239277654 0.4394444444444445 0.03748683220466518 0.15444444444444444
3 0.35772009029345375 0.3388888888888889 0.03748683220466518 0.13777777777777786
3 0.39839729119638834 0.31 0.03429646350639579 0.1311111111111111
3 0.5100601956358165 0.35333333333333344 0.03589164785553045 0.1244444444444445
3 0.5973965387509406 0.3716666666666667 0.03349887133182847 0.15888888888888894
3 0.6783521444695261 0.3450000000000001 0.03270127915726107 0.1388888888888889
3 0.5631000752445448 0.3161111111111111 0.03987960872836716 0.13444444444444448
3 0.46699021820917985 0.3177777777777779 0.031106094808126414 0.14000000000000004
3 0.44904439428141457 0.2644444444444445 0.02552294958615498 0.11333333333333333
3 0.49450714823175324 0.27166666666666667 0.02871331828442436 0.10777777777777779
3 0.526410835214447 0.26222222222222225 0.02552294958615505 0.11333333333333336
3 0.6432580887885629 0.2927777777777778 0.03748683220466525 0.13888888888888892
3 0.672370203160271 0.24944444444444447 0.027118133935289706 0.11
3 0.6225206922498119 0.22388888888888892 0.031106094808126414 0.09222222222222218
3 0.4275094055680963 0.20555555555555557 0.030308502633559015 0.10222222222222226
3 0.454627539503386 0.2194444444444445 0.02073739653875094 0.09000000000000004
3 0.5188337095560572 0.20666666666666667 0.02951091045899169 0.09555555555555556
3 0.5742663656884877 0.2016666666666667 0.0334988713318284 0.08777777777777779
3 0.5662904439428142 0.15944444444444447 0.027118133935289633 0.07000000000000002
3 0.6444544770504139 0.1938888888888889 0.03349887133182847 0.08333333333333334
3 0.599390519187359 0.14500000000000002 0.03270127915726107 0.07444444444444447
