3 0.4957110212224153 0.8738888888888888 0.06781030429584632 0.2522222222222221
3 0.5615048908954101 0.6977777777777778 0.05902182091798338 0.2511111111111111
3 0.49171557562076756 0.6883333333333335 0.056629044394281396 0.21444444444444458
3 0.4123551542513168 0.7216666666666669 0.06380737396538748 0.27444444444444444
2 0.7425583145221972 0.6283333333333334 0.1770654627539504 0.2788888888888889
2 0.5168397291196388 0.563888888888889 0.12601956358164032 0.2544444444444446
2 0.3341911205536425 0.5827777777777783 0.16908954218842656 0.32111111111111135
3 0.602979683972912 0.4155555555555556 0.03190368698269374 0.1622222222222223
3 0.6344845748683221 0.39000000000000007 0.03589164785553045 0.15777777777777782
3 0.6767569601203914 0.3927777777777778 0.029510910458991617 0.15666666666666668
3 0.7054702784048158 0.34666666666666673 0.029510910458991617 0.14
3 0.5619036869826938 0.3811111111111111 0.031106094808126414 0.14222222222222222
3 0.5232204665161777 0.39277777777777784 0.04626034612490592 0.13666666666666671
3 0.45263355906696773 0.385 0.02951091045899169 0.13888888888888892
3 0.4163431151241535 0.3666666666666667 0.035094055680963125 0.1533333333333334
3 0.3776598946576374 0.35555555555555557 0.03270127915726114 0.13333333333333336
3 0.33817908201655383 0.35166666666666674 0.038284424379232504 0.13222222222222219
3 0.47416854778028594 0.34277777777777785 0.03429646350639579 0.13666666666666663
3 0.505673438675696 0.35222222222222227 0.02871331828442436 0.13333333333333333
3 0.6871256583897667 0.2833333333333334 0.03908201655379983 0.10222222222222226
3 0.6516328066215199 0.2505555555555556 0.0334988713318284 0.11888888888888893
