3 0.5048833312299397 0.8738888888888888 0.07977418691435638 0.2522222222222221
3 0.5595109104589917 0.6988888888888889 0.059819413092550774 0.2466666666666667
3 0.48812641083521446 0.69 0.06221218961625283 0.22444444444444442
2 0.2452670784082693 0.8322222222222223 0.24487576704979663 0.33555555555555544
2 0.5144469525959369 0.5694444444444444 0.11485327313769751 0.24111111111111108
3 0.756117381489842 0.4361111111111111 0.03349887133182847 0.1744444444444445
3 0.7505342362678706 0.3494444444444445 0.04306997742663654 0.13
3 0.7014823175319791 0.3372222222222223 0.03589164785553052 0.1322222222222222
3 0.6775545522949586 0.3933333333333334 0.03589164785553038 0.13555555555555565
3 0.656418359668924 0.3566666666666667 0.035094055680963195 0.12888888888888886
3 0.6552219714070731 0.24166666666666672 0.03429646350639587 0.11888888888888893
3 0.7230173062452973 0.2794444444444445 0.024725357411587653 0.11444444444444446
3 0.6368773513920241 0.3933333333333334 0.03589164785553052 0.15111111111111117
3 0.604176072234763 0.41166666666666674 0.03908201655379983 0.15444444444444444
3 0.5595109104589917 0.38333333333333336 0.03429646350639572 0.14222222222222225
3 0.5718735891647856 0.33611111111111114 0.031903686982693816 0.12333333333333335
3 0.5224228743416103 0.398888888888889 0.038284424379232504 0.13333333333333336
3 0.5064710308502633 0.3566666666666667 0.02871331828442436 0.13555555555555557
3 0.5343867569601204 0.33 0.030308502633559088 0.13333333333333336
3 0.47576373212942064 0.33777777777777784 0.03908201655379983 0.13333333333333336
3 0.4570203160270881 0.38777777777777783 0.035094055680963125 0.14666666666666675
3 0.4207298720842739 0.37611111111111123 0.031106094808126414 0.15000000000000002
3 0.3752671181339353 0.36333333333333345 0.045462753950338594 0.14888888888888893
3 0.32581640331075995 0.3866666666666667 0.050248306997742666 0.1511111111111111
3 0.26918735897548607 0.43999999992464794 0.055033860045146744 0.1644444444444445
