3 0.49531222513513157 0.8755555555555555 0.07020308081954824 0.24888888888888885
3 0.5646952595936795 0.7016666666666669 0.060617005267118176 0.2544444444444444
3 0.4857336343115125 0.698888888888889 0.05104589917231003 0.2577777777777778
3 0.8063656884875846 0.7616666666666667 0.05902182091798338 0.2744444444444445
3 0.1906245297215952 0.687777777777778 0.06380737396538753 0.24000000000000013
2 0.5116553799849511 0.5672222222222223 0.11724604966139957 0.23666666666666678
3 0.6025808878856282 0.41055555555555556 0.042272385252069215 0.15666666666666665
3 0.6324905944319038 0.3922222222222223 0.03190368698269374 0.15111111111111114
3 0.6763581640331077 0.3922222222222223 0.038284424379232435 0.1555555555555556
3 0.7796463506395788 0.36333333333333334 0.03429646350639572 0.15111111111111114
3 0.7377727614747931 0.3694444444444445 0.035094055680963125 0.17
3 0.7022799097065463 0.34777777777777785 0.03270127915726107 0.14222222222222222
3 0.656418359668924 0.3550000000000001 0.02871331828442436 0.1388888888888889
3 0.5599097065462755 0.3855555555555556 0.027118133935289633 0.14
3 0.570278404815651 0.34111111111111114 0.03190368698269374 0.13333333333333336
3 0.5228216704288939 0.3944444444444445 0.04386756960120387 0.14222222222222228
3 0.505673438675696 0.3588888888888889 0.027118133935289706 0.14
3 0.5343867569601204 0.3322222222222223 0.027118133935289706 0.14000000000000004
3 0.476561324303988 0.3500000000000001 0.02791572610985703 0.15111111111111114
3 0.4494431903686983 0.3866666666666667 0.03589164785553045 0.15777777777777782
3 0.41793829947328814 0.3694444444444445 0.03668924003009785 0.14777777777777787
3 0.3621068472535741 0.3966666666666667 0.038284424379232504 0.13555555555555557
3 0.3094657637321294 0.4050000000000001 0.04785553047404061 0.14777777777777787
0 0.7537246049661399 0.06333333333333334 0.012761474793077526 0.024444444444444456
