2 0.5675675675675675 0.765 0.1486486486486487 0.30555555555555564
3 0.22597597597597596 0.7355555555555555 0.07507507507507505 0.24000000000000007
2 0.3138138138138138 0.548888888888889 0.1276276276276276 0.2466666666666667
2 0.48648648648648646 0.5161111111111112 0.0945945945945946 0.22333333333333336
3 0.6482732732732732 0.47888888888888886 0.0382882882882884 0.15555555555555556
3 0.6268768768768769 0.42388888888888887 0.03153153153153141 0.14777777777777779
3 0.5777027027027027 0.46 0.041291291291291256 0.1577777777777777
3 0.5942192192192192 0.40611111111111114 0.030780780780780788 0.14111111111111113
3 0.7098348348348348 0.3894444444444444 0.0352852852852854 0.13
3 0.6565315315315314 0.3827777777777778 0.03528528528528525 0.13444444444444448
3 0.6223723723723724 0.34944444444444445 0.03003003003003002 0.13
3 0.6617867867867868 0.33944444444444444 0.02927927927927925 0.13
3 0.6996996996996997 0.33777777777777773 0.028528528528528625 0.12666666666666665
3 0.5671921921921922 0.3622222222222222 0.033783783783783716 0.14444444444444454
3 0.5232732732732732 0.355 0.03603603603603595 0.13888888888888887
3 0.46996996996997 0.37277777777777776 0.03453453453453456 0.12777777777777774
3 0.4894894894894895 0.3483333333333333 0.02552552552552548 0.1277777777777778
3 0.4140390390390391 0.435 0.039789789789789795 0.1522222222222222
3 0.42680180180180183 0.37888888888888883 0.030780780780780788 0.13777777777777778
3 0.3768768768768769 0.3977777777777778 0.031531531531531556 0.16
3 0.3652402402402402 0.29333333333333333 0.03378378378378386 0.12444444444444447
0 0.753003003003003 0.08777777777777779 0.01801801801801801 0.022222222222222233
