2 0.5716966966966966 0.7683333333333334 0.15840840840840842 0.3077777777777779
3 0.231981981981982 0.7416666666666667 0.0825825825825826 0.23888888888888893
2 0.30668168168168164 0.5433333333333333 0.1388888888888888 0.25111111111111106
3 0.20007507507507505 0.58 0.0518018018018018 0.20444444444444435
2 0.4853603600271081 0.5244444447458527 0.09834834834834837 0.23555555555555557
3 0.6501501501501502 0.47833333333333333 0.03453453453453463 0.15888888888888886
3 0.5807057057057058 0.45555555555555555 0.04279279279279279 0.18
3 0.4162912912912913 0.4338888888888889 0.03528528528528532 0.1522222222222223
3 0.3731231231231231 0.39555555555555555 0.031531531531531556 0.14888888888888885
3 0.4241741741741742 0.3861111111111111 0.031531531531531556 0.1433333333333333
3 0.4733483483483484 0.37888888888888894 0.02927927927927925 0.1288888888888889
3 0.5232732732732732 0.355 0.03603603603603595 0.13888888888888887
3 0.4853603603603604 0.3516666666666666 0.032282282282282325 0.14555555555555555
3 0.5975975975975976 0.4122222222222222 0.027027027027027088 0.15111111111111114
3 0.5701951951951952 0.36777777777777776 0.03378378378378379 0.15111111111111114
3 0.7124624624624625 0.39666666666666667 0.031531531531531556 0.14888888888888885
3 0.6599099099099099 0.38333333333333336 0.03303303303303295 0.1288888888888889
3 0.631006006006006 0.4305555555555556 0.030780780780780788 0.15
3 0.6238738738738739 0.3522222222222222 0.028528528528528555 0.13777777777777775
3 0.6606606606606608 0.3327777777777778 0.027027027027026945 0.11222222222222225
3 0.6985735735735736 0.33055555555555555 0.024774774774774643 0.10777777777777775
