3 0.5244168547780287 0.7827777777777777 0.059819413092550774 0.2766666666666667
3 0.17267870579382996 0.8244444444444445 0.06460496613995488 0.24
3 0.5228216704288939 0.5316666666666667 0.04705793829947332 0.2011111111111112
3 0.4546275395033861 0.5116666666666667 0.03668924003009785 0.20555555555555563
3 0.5882242287434161 0.47333333333333344 0.045462753950338594 0.19555555555555565
2 0.3389766735715427 0.5655555555555556 0.16111362050176045 0.29777777777777786
2 0.5164409330323552 0.3933333333333334 0.09969902182091793 0.16666666666666663
2 0.7246124905944319 0.6044444444444445 0.15393528969149728 0.27333333333333326
3 0.35173814898419864 0.2561111111111111 0.038284424379232504 0.11666666666666668
3 0.3975996990218209 0.2716666666666667 0.031106094808126487 0.11888888888888889
3 0.4342889390519188 0.22166666666666668 0.02951091045899176 0.09444444444444443
3 0.4721745673438676 0.2266666666666667 0.027118133935289706 0.10000000000000003
3 0.5164409330323552 0.26 0.031106094808126414 0.10222222222222228
3 0.5954025583145222 0.2833333333333334 0.04067720090293449 0.13111111111111115
3 0.6508352144469527 0.26388888888888895 0.03349887133182847 0.11888888888888889
3 0.5666892400300978 0.22833333333333336 0.02951091045899176 0.09888888888888889
3 0.6300978179082017 0.20722222222222222 0.023927765237020324 0.08777777777777775
3 0.5076674191121144 0.20666666666666672 0.026320541760722307 0.09777777777777782
3 0.5427614747930776 0.1744444444444445 0.019939804364183616 0.08444444444444446
3 0.570278404815651 0.18000000000000005 0.02552294958615498 0.08444444444444445
3 0.6101580135440181 0.16388888888888892 0.02073739653875094 0.09222222222222225
3 0.6440556809631302 0.165 0.02153498871331834 0.08777777777777777
3 0.628502633559067 0.14111111111111113 0.027118133935289706 0.07333333333333338
1 0.7537246049661399 0.11333333333333334 0.012761474793077526 0.022222222222222213
