2 0.566066066066066 0.7688888888888888 0.16366366366366372 0.31999999999999995
3 0.15352852852852852 0.7 0.0683183183183183 0.21555555555555564
2 0.31156156156156156 0.5677777777777777 0.11711711711711714 0.29333333333333333
2 0.48948948948948945 0.5222222222222223 0.1036036036036036 0.23777777777777787
3 0.6771771771771771 0.5727777777777778 0.054054054054054036 0.1966666666666667
3 0.41328828828828834 0.44277777777777777 0.027777777777777787 0.18555555555555558
3 0.3746246246246246 0.38888888888888895 0.03303303303303295 0.15333333333333332
3 0.42229729729729726 0.37777777777777777 0.04429429429429426 0.13333333333333333
3 0.4703453453453453 0.3688888888888889 0.027777777777777787 0.11777777777777779
3 0.5225225225225225 0.3533333333333333 0.03753753753753749 0.1355555555555555
3 0.4891141141141141 0.3416666666666666 0.03378378378378379 0.13888888888888887
3 0.6306306306306307 0.4255555555555556 0.03153153153153149 0.13777777777777772
3 0.597972972972973 0.40944444444444444 0.039789789789789726 0.14777777777777779
3 0.5701951951951952 0.3644444444444444 0.03528528528528532 0.1488888888888889
3 0.6591591591591591 0.37833333333333335 0.027027027027027088 0.13222222222222219
3 0.713963963963964 0.39111111111111113 0.039039039039039096 0.14888888888888893
3 0.6989489489489489 0.33611111111111114 0.039039039039039096 0.1322222222222222
3 0.6238738738738739 0.33333333333333337 0.04354354354354349 0.11333333333333333
0 0.7533783783783784 0.08833333333333332 0.015765765765765705 0.025555555555555554
