3 0.5092700881900601 0.8721145884195965 0.07259585734325036 0.2553402879503038
3 0.4263130173062454 0.6394444444444446 0.04386756960120394 0.26111111111111124
3 0.49530474040632055 0.638888888888889 0.04466516177577127 0.23111111111111116
3 0.5674868322046652 0.6061111111111113 0.03908201655379983 0.24777777777777785
2 0.3329947317607241 0.5866666666666664 0.17945824151993667 0.3399999999999998
2 0.5184349134687736 0.49833333333333335 0.1292099322799097 0.22555555555555556
2 0.7381715575620769 0.623888888888889 0.17307750188111357 0.28333333333333344
3 0.28992475510118465 0.3916666665913145 0.05024830699774263 0.1433333333333334
3 0.3672911963882619 0.3255555555555556 0.04705793829947332 0.13999999999999996
3 0.4095635816403311 0.29222222222222227 0.026320541760722377 0.12888888888888894
3 0.5096613995485327 0.33555555555555555 0.038284424379232504 0.12666666666666668
3 0.5946049661399548 0.35444444444444445 0.03748683220466518 0.14666666666666664
3 0.6771557562076751 0.33111111111111113 0.038284424379232435 0.13555555555555557
3 0.5658916478555305 0.2983333333333334 0.03270127915726107 0.1144444444444445
3 0.4681866064710309 0.29166666666666674 0.03190368698269374 0.12777777777777785
3 0.49450714823175324 0.2466666666666667 0.02871331828442436 0.10222222222222221
3 0.5311963882618511 0.23611111111111113 0.02552294958615498 0.10333333333333332
3 0.6396689240030098 0.26888888888888896 0.027118133935289775 0.1088888888888889
3 0.662400300978179 0.22055555555555556 0.026320541760722307 0.10333333333333332
3 0.6225206922498119 0.21333333333333335 0.031106094808126414 0.1
3 0.6392701279157261 0.18555555555555558 0.02951091045899169 0.09333333333333335
3 0.5224228743416103 0.19333333333333336 0.02871331828442436 0.10222222222222221
3 0.46340105342362675 0.20833333333333337 0.02552294958615498 0.10111111111111114
3 0.44226486079759225 0.18611111111111114 0.02153498871331827 0.09888888888888889
3 0.5734687735139202 0.23388888888888892 0.035094055680963125 0.09888888888888893
3 0.5623024830699774 0.18444444444444447 0.02871331828442436 0.08222222222222227
