3 0.5036869429680887 0.8722222222222222 0.06781030429584618 0.2555555555555554
3 0.39560571858540255 0.8000000000000002 0.07816403310759973 0.2755555555555557
3 0.48812641083521446 0.6894444444444445 0.049450714823175305 0.2166666666666667
3 0.5547253574115877 0.6833333333333335 0.0614145974416855 0.2444444444444445
2 0.7529270127915726 0.658888888888889 0.1770654627539504 0.2933333333333335
2 0.5160421369450715 0.5594444444444445 0.13399548532731373 0.23666666666666672
2 0.3357863054928518 0.5705555555555556 0.17706546275395038 0.30333333333333334
3 0.6025808878856282 0.4205555555555556 0.03429646350639579 0.16555555555555557
3 0.6328893905191875 0.3922222222222223 0.03270127915726114 0.16444444444444442
3 0.6743641835966891 0.3922222222222223 0.03429646350639572 0.16444444444444442
3 0.707464258841234 0.33833333333333343 0.035094055680963125 0.1344444444444445
3 0.5638976674191122 0.375 0.04147479307750188 0.1322222222222222
3 0.5224228743416103 0.3950000000000001 0.05423626787057941 0.1322222222222223
3 0.5092626034612491 0.35333333333333333 0.026320541760722377 0.12666666666666668
3 0.528803611738149 0.31222222222222223 0.02871331828442436 0.10666666666666665
3 0.5722723852520692 0.3316666666666667 0.02951091045899169 0.1388888888888889
3 0.4538299473288187 0.3816666666666667 0.03190368698269374 0.1411111111111111
3 0.475364936042137 0.33444444444444443 0.03349887133182847 0.12888888888888894
3 0.4219262603461249 0.36333333333333334 0.02871331828442443 0.13555555555555557
3 0.3752671181339353 0.35333333333333333 0.02951091045899169 0.13111111111111115
3 0.3429646350639579 0.35444444444444445 0.038284424379232435 0.13333333333333336
3 0.6500376222723853 0.23611111111111113 0.03349887133182847 0.09666666666666672
3 0.6859292701279158 0.28 0.030308502633559158 0.10222222222222221
