3 0.5012941664443866 0.8755555555555555 0.08695251648546247 0.24888888888888885
3 0.555522949586155 0.6950000000000002 0.07098570353649357 0.2522222222222223
3 0.4897215951843492 0.7 0.05742663656884879 0.23555555555555557
2 0.5184349134687736 0.5661111111111111 0.12282919488337093 0.2344444444444445
2 0.33419112114371713 0.598888888888889 0.17227990970654633 0.32000000000000006
3 0.6021820917983446 0.425 0.03190368698269374 0.17444444444444435
3 0.6364785553047405 0.3988888888888889 0.03349887133182847 0.1733333333333334
3 0.6711738148984199 0.393888888888889 0.02951091045899176 0.16777777777777778
3 0.7058690744920995 0.34555555555555556 0.027118133935289706 0.14666666666666667
3 0.7206245297215952 0.2966666666666667 0.02951091045899176 0.12222222222222222
3 0.5619036869826938 0.3844444444444445 0.03748683220466511 0.14888888888888885
3 0.5196313017306246 0.398888888888889 0.04705793829947332 0.13333333333333336
3 0.45143717080511664 0.3866666666666667 0.0334988713318284 0.15555555555555556
3 0.4805492851768247 0.34277777777777785 0.031106094808126414 0.14555555555555563
3 0.42352144469525965 0.37555555555555564 0.030308502633559088 0.1488888888888889
3 0.3752671181339353 0.3616666666666667 0.03589164785553045 0.14111111111111113
3 0.33698269375470274 0.35777777777777786 0.03589164785553045 0.1355555555555556
3 0.5108577878103838 0.3544444444444445 0.024725357411587653 0.14
3 0.685530474040632 0.29000000000000004 0.02951091045899176 0.10888888888888892
3 0.5981941309255079 0.1488888888888889 0.023927765237020324 0.08666666666666668
0 0.7537246049661399 0.06722222222222224 0.015951843491346835 0.021111111111111126
