2 0.37048156508653124 0.41833333333333345 0.11724604966139957 0.18555555555555564
3 0.3078705793829948 0.3394444444444445 0.028713318284424395 0.1433333333333333
3 0.4949059443190369 0.3166666666666667 0.03748683220466518 0.1288888888888889
3 0.5623024830699775 0.28555555555555556 0.03190368698269374 0.11555555555555558
3 0.4809480812641084 0.455 0.046260346124905996 0.18111111111111108
3 0.5599097065462755 0.3733333333333334 0.03987960872836716 0.14222222222222222
3 0.6053724604966141 0.3805555555555556 0.04626034612490592 0.15222222222222226
3 0.5666892400300978 0.5577777777777778 0.0502483069977427 0.21111111111111114
3 0.3341911211437171 0.8322222222222223 0.060617005267118135 0.28
2 0.6037847608762904 0.8354479217529297 0.220150409638209 0.32867362128363725
3 0.881346837625726 0.9044444444444446 0.08455973996176042 0.191111111111111
0 0.7553197893152748 0.06611111111111112 0.015951843491346977 0.018888888888888903
