3 0.49411583687328053 0.8744444444444446 0.05823919820103811 0.251111111111111
3 0.5579157261098571 0.6961111111111112 0.056629044394281396 0.25000000000000006
3 0.48772761474793086 0.6900000000000002 0.06300978179082016 0.21111111111111114
2 0.3329947328818661 0.5833333333333335 0.16510158013544018 0.3311111111111112
2 0.5124529721595185 0.5572222222222223 0.1284123401053423 0.23888888888888885
3 0.3397742663656885 0.35333333333333333 0.043069977426636576 0.11555555555555558
3 0.3736719337848006 0.355 0.031106094808126414 0.14555555555555555
3 0.41753950338600454 0.36777777777777787 0.03270127915726107 0.14666666666666664
3 0.45183596689240035 0.38055555555555565 0.02951091045899176 0.14111111111111113
3 0.6013844996237774 0.41166666666666674 0.030308502633559088 0.1522222222222223
3 0.63209179834462 0.38888888888888895 0.02632054176072245 0.1533333333333334
3 0.6743641835966891 0.39055555555555566 0.031106094808126414 0.15666666666666676
3 0.705071482317532 0.34611111111111115 0.027118133935289706 0.1411111111111111
3 0.6560195635816405 0.34944444444444445 0.031106094808126414 0.12111111111111107
3 0.5623024830699774 0.3761111111111111 0.036689240030097776 0.1344444444444445
3 0.5228216704288939 0.3883333333333334 0.04865312264860797 0.12111111111111107
3 0.5096613995485327 0.3572222222222223 0.02871331828442436 0.13444444444444448
3 0.47815650865312265 0.34055555555555556 0.04067720090293456 0.1433333333333334
3 0.5698796087283672 0.3322222222222223 0.03429646350639572 0.1288888888888889
3 0.6843340857787811 0.28166666666666673 0.035094055680963125 0.09888888888888889
3 0.6659894657637322 0.26 0.02871331828442436 0.1088888888888889
