3 0.5335891647855532 0.6583333333333334 0.06699774266365686 0.23222222222222214
3 0.23249811888638078 0.5677777777777778 0.04067720090293452 0.19111111111111115
2 0.350142964635064 0.5327777777777779 0.1579232505643341 0.2966666666666668
3 0.47855530474040636 0.41666666666666674 0.04466516177577127 0.17111111111111107
3 0.5451542513167795 0.41611111111111115 0.042272385252069215 0.16333333333333327
3 0.593408577878104 0.39000000000000007 0.04626034612490592 0.17111111111111119
2 0.7246124905944319 0.5733333333333335 0.16031602708803605 0.2622222222222223
2 0.5128517682468021 0.32333333333333336 0.08933032355154254 0.14888888888888896
3 0.4187358916478556 0.23611111111111113 0.03668924003009785 0.10333333333333332
3 0.5256132430398797 0.2294444444444445 0.035094055680963125 0.09000000000000004
3 0.5842362678705794 0.23833333333333337 0.03270127915726107 0.10777777777777782
3 0.6332881866064711 0.21555555555555558 0.028713318284424503 0.09111111111111114
3 0.45103837471783303 0.18611111111111114 0.024725357411587653 0.08555555555555559
3 0.4849360421369451 0.1944444444444445 0.023927765237020254 0.08666666666666668
3 0.39480812641083524 0.18888888888888894 0.030308502633559158 0.08666666666666668
3 0.5654928517682468 0.19722222222222224 0.02552294958615498 0.08111111111111115
1 0.7533258088788563 0.11277777777777778 0.016749435665914233 0.03444444444444443
