2 0.5144469525959369 0.41944444444444456 0.12123401053423627 0.21888888888888894
2 0.6584123403413722 0.39555555570625955 0.12522197093501294 0.1844444447458528
2 0.7042738895528899 0.6711111106589989 0.23449209932279896 0.3622222222222222
2 0.49212185643686224 0.9261111111111111 0.2153648565908049 0.1477777777777777
2 0.44505643340857787 0.23055555555555557 0.09092550790067726 0.1455555555555556
2 0.8494356659142213 0.39777777777777784 0.1914221218961626 0.17555555555555558
3 0.24286681715575623 0.8483333333333334 0.09650865312264863 0.2677777777777777
3 0.7006922100862226 0.8994444444444446 0.10130917562767479 0.201111111111111
3 0.5303987960872837 0.2494444444444445 0.04306997742663654 0.11666666666666668
3 0.5718735891647856 0.21333333333333335 0.030308502633559015 0.09555555555555557
1 0.7537245988956824 0.11277777770242571 0.02073739653875094 0.02111111111111111
