2 0.37048156508653124 0.40611111111111114 0.11724604966139957 0.16555555555555557
3 0.3054778028592927 0.3444444444444445 0.03349887133182843 0.12222222222222225
3 0.48772761474793086 0.3816666666666667 0.04067720090293456 0.1411111111111111
3 0.4933107599699022 0.28666666666666674 0.03270127915726107 0.10000000000000003
3 0.5607072987208428 0.26666666666666666 0.02871331828442436 0.07777777777777778
3 0.5587133182844244 0.36 0.03748683220466518 0.13777777777777778
3 0.5962001504890896 0.34055555555555567 0.03589164785553045 0.11444444444444446
3 0.6133483822422875 0.47555555555555556 0.04785553047404072 0.14888888888888893
3 0.7764559824133687 0.5994444444444444 0.06141459649756543 0.22111111111111106
3 0.3940105342362679 0.5922222222222223 0.049450714823175375 0.1955555555555555
3 0.7054702784048158 0.8372222222222223 0.06460496613995488 0.26555555555555554
2 0.5730699774266366 0.74 0.19062452972159513 0.3177777777777779
