3 0.49689992475545525 0.8772222222222222 0.08135440180586904 0.2433333333333333
3 0.5567193378480061 0.6944444444444445 0.05583145221971406 0.22666666666666685
3 0.4901203912716329 0.6955555555555557 0.04865312264860797 0.24222222222222214
2 0.3377802859292702 0.5877777777777778 0.16988713318284426 0.32666666666666666
2 0.5164409330323552 0.5583333333333335 0.11884123401053422 0.22777777777777777
3 0.6017832957110609 0.41722222222222227 0.03748683220466518 0.16333333333333336
3 0.6316930022573364 0.38833333333333336 0.02552294958615505 0.15222222222222226
3 0.6743641835966891 0.39055555555555554 0.026320541760722307 0.14555555555555555
3 0.7058690744920995 0.34166666666666673 0.027118133935289706 0.1477777777777778
3 0.5595109104589917 0.3755555555555556 0.03589164785553052 0.14666666666666664
3 0.5208276899924756 0.39833333333333343 0.05104589917231003 0.13888888888888892
3 0.4530323551542514 0.38000000000000006 0.03987960872836723 0.16444444444444448
3 0.4207298720842739 0.36 0.03270127915726107 0.12888888888888894
3 0.378058690744921 0.3588888888888889 0.03349887133182847 0.14222222222222228
3 0.3417682468021069 0.36 0.03908201655379983 0.12888888888888894
3 0.47576373212942064 0.33833333333333343 0.03748683220466518 0.1277777777777778
3 0.5092626034612491 0.3605555555555556 0.02791572610985703 0.1411111111111111
3 0.6556207674943567 0.35333333333333344 0.030308502633559015 0.13777777777777778
3 0.6835364936042138 0.28055555555555556 0.03190368698269367 0.09
0 0.7545221971407073 0.06666666666666668 0.017547027840481632 0.020000000000000007
