2 0.5653153153153154 0.7666666666666667 0.15915915915915924 0.3111111111111111
3 0.22822822822822822 0.7422222222222223 0.0705705705705705 0.2533333333333335
2 0.3104354347689308 0.5538888887381845 0.11936937070237874 0.2699999999999999
2 0.48761261261261263 0.5211111111111112 0.0998498498498499 0.24000000000000007
3 0.4174174174174174 0.4411111111111111 0.03603603603603602 0.1666666666666668
3 0.37349849833187243 0.396111110885055 0.02777777777777779 0.13
3 0.42530030030030036 0.3827777777777778 0.03678678678678686 0.13
3 0.47109609609609604 0.37111111111111117 0.03528528528528532 0.11333333333333333
3 0.5191441441441442 0.34611111111111115 0.032282282282282256 0.1277777777777778
3 0.48648648648648646 0.34111111111111114 0.028528528528528482 0.13777777777777778
3 0.5807057057057058 0.455 0.03828828828828833 0.17888888888888885
3 0.6497747747747747 0.4722222222222222 0.032282282282282256 0.15999999999999986
3 0.6246246246246246 0.41444444444444445 0.034534534534534485 0.14222222222222222
3 0.5983483483483484 0.40888888888888886 0.03003003003003002 0.15333333333333335
3 0.5683183183183182 0.3616666666666667 0.031531531531531556 0.13888888888888892
3 0.7102102102102102 0.38888888888888895 0.03453453453453463 0.14000000000000004
3 0.6599099099099099 0.3816666666666667 0.03603603603603602 0.1388888888888889
3 0.7008258258258259 0.34055555555555556 0.03378378378378386 0.11666666666666671
3 0.6591591591591591 0.3327777777777778 0.03753753753753756 0.1388888888888889
3 0.6223723723723724 0.35 0.04054054054054042 0.12222222222222222
3 0.2912912912912913 0.39333333333333337 0.04654654654654653 0.1488888888888889
0 0.753003003003003 0.08444444444444445 0.01801801801801801 0.02666666666666668
