3 0.4993001860079683 0.8811111111111112 0.07179826516868303 0.23777777777777773
3 0.5567193378480061 0.6922222222222223 0.05583145221971406 0.23333333333333342
3 0.4885252069224981 0.6972222222222223 0.05024830699774263 0.23888888888888885
2 0.2907223476297969 0.748888888888889 0.2065763732129421 0.3933333333333334
2 0.5148457486832205 0.5616666666666668 0.11565086531226484 0.23222222222222227
3 0.7537246049661399 0.3844444444444444 0.03190368698269367 0.1577777777777778
3 0.6751617757712566 0.3972222222222223 0.03270127915726107 0.15000000000000008
3 0.630895410082769 0.39000000000000007 0.038284424379232504 0.14444444444444446
3 0.6045748683220467 0.41777777777777786 0.038284424379232504 0.14888888888888893
3 0.5595109104589917 0.38111111111111123 0.03270127915726107 0.14000000000000004
3 0.5200300978179082 0.39611111111111114 0.04785553047404065 0.13000000000000006
3 0.4506395786305494 0.38888888888888895 0.038284424379232504 0.1488888888888889
3 0.4725733634311513 0.3488888888888889 0.03748683220466518 0.1333333333333334
3 0.42112866817155764 0.3705555555555556 0.030308502633559088 0.13666666666666663
3 0.3740707298720843 0.35555555555555557 0.04147479307750188 0.12666666666666665
3 0.3345899172310008 0.36388888888888893 0.04227238525206925 0.11666666666666671
3 0.2807524451526677 0.405 0.0398796087283672 0.15444444444444444
3 0.7046726862302484 0.34944444444444445 0.03270127915726107 0.13666666666666663
3 0.7226185101580136 0.32277777777777783 0.036689240030097776 0.13000000000000003
3 0.5100601956358165 0.35777777777777786 0.02951091045899176 0.1355555555555556
3 0.5706772009029346 0.3394444444444445 0.03270127915726107 0.13666666666666671
3 0.6344845748683221 0.22 0.03748683220466525 0.10444444444444446
3 0.303882618510158 0.29277777777777786 0.03190368698269374 0.12555555555555561
