2 0.5694444444444444 0.7655555555555555 0.1524024024024024 0.2888888888888889
3 0.23010510510510507 0.74 0.06681681681681678 0.2511111111111111
2 0.30930930930930933 0.5466666666666667 0.12162162162162166 0.25111111111111123
3 0.22409909909909909 0.5122222222222222 0.0487987987987988 0.17777777777777778
2 0.4842342342342343 0.5166666666666666 0.09759759759759767 0.2266666666666667
3 0.3716216216216216 0.3844444444444444 0.03603603603603602 0.14666666666666667
3 0.41366366366366364 0.4355555555555556 0.027027027027027018 0.14888888888888893
3 0.42342342342342343 0.3716666666666667 0.03003003003003002 0.11888888888888889
3 0.4722222222222222 0.3761111111111111 0.031531531531531556 0.12333333333333332
3 0.48648648648648646 0.35055555555555556 0.03003003003003009 0.12333333333333335
3 0.5202702702702703 0.35166666666666674 0.03003003003003002 0.1277777777777778
3 0.6505255255255256 0.4777777777777778 0.02927927927927925 0.14
3 0.5773273273273274 0.4527777777777777 0.04054054054054049 0.16777777777777778
3 0.6283783783783784 0.435 0.024024024024024086 0.1544444444444445
3 0.5968468468468469 0.41166666666666674 0.028528528528528625 0.14777777777777779
3 0.7102102102102101 0.3916666666666667 0.027027027027027088 0.14777777777777779
3 0.6572822822822824 0.37666666666666665 0.032282282282282325 0.12222222222222225
3 0.5671921921921922 0.3622222222222222 0.032282282282282325 0.13555555555555554
3 0.6231231231231231 0.35333333333333333 0.02552552552552555 0.14000000000000004
3 0.6963213213213214 0.34333333333333327 0.03528528528528525 0.11999999999999997
