3 0.5060797194917908 0.8755555555555555 0.07738141039065433 0.24888888888888885
3 0.5579157261098571 0.6988888888888889 0.05822422874341605 0.2466666666666667
3 0.49291196388261854 0.6966666666666668 0.052641083521444684 0.23111111111111116
2 0.3062753950338601 0.6966666666666668 0.19301730624529728 0.39555555555555566
2 0.5188337095560572 0.5683333333333335 0.13160270880361175 0.2344444444444445
3 0.6033784800601957 0.418888888888889 0.03429646350639579 0.15555555555555564
3 0.6356809631301731 0.3944444444444445 0.038284424379232504 0.15555555555555556
3 0.6775545522949588 0.3994444444444445 0.03908201655379983 0.16333333333333333
3 0.6588111361926261 0.36333333333333345 0.030308502633559158 0.14222222222222222
3 0.7042738901429647 0.35277777777777786 0.023927765237020254 0.1388888888888889
3 0.7513318284424381 0.3844444444444445 0.031903686982693816 0.16666666666666669
3 0.7146425884123402 0.32388888888888895 0.03828442437923257 0.1433333333333333
3 0.6293002257336343 0.21111111111111114 0.02871331828442436 0.09555555555555557
3 0.5615048908954101 0.3861111111111111 0.03349887133182847 0.15444444444444444
3 0.5200300978179082 0.39611111111111114 0.046260346124905996 0.12333333333333335
3 0.5690820165537999 0.3438888888888889 0.026320541760722377 0.15000000000000002
3 0.5072686230248307 0.3655555555555556 0.02552294958615498 0.14222222222222222
3 0.5347855530474042 0.32888888888888895 0.02951091045899176 0.13111111111111115
3 0.4538299473288187 0.3866666666666667 0.035094055680963125 0.13777777777777775
3 0.47696012039127167 0.3444444444444445 0.03668924003009785 0.14
3 0.41953348382242295 0.37055555555555564 0.0334988713318284 0.1455555555555556
3 0.37885628291948836 0.37000000000000005 0.02871331828442436 0.14444444444444446
3 0.34057185854025585 0.36500000000000005 0.0446651617757713 0.13444444444444448
3 0.2903235515425132 0.37555555555555564 0.03668924003009781 0.1488888888888889
3 0.2939127163280662 0.28111111111111114 0.04067720090293452 0.12
