3 0.4306997742663657 0.4738888888888889 0.049450714823175375 0.1833333333333333
2 0.3660948081264108 0.4044444444444445 0.10687735139202409 0.1733333333333333
3 0.30667419112114375 0.34111111111111114 0.035891647855530485 0.12888888888888894
3 0.496102332580888 0.26555555555555554 0.030308502633559088 0.09777777777777776
3 0.48254326561324307 0.34 0.04466516177577127 0.15333333333333335
3 0.5571181339352897 0.26833333333333337 0.02951091045899169 0.10777777777777775
3 0.5575169300225734 0.3494444444444445 0.04147479307750188 0.14555555555555558
3 0.5954025583145223 0.34555555555555556 0.02791572610985703 0.13777777777777778
3 0.6416629044394281 0.3994444444444445 0.04386756960120394 0.16333333333333333
3 0.7297968397291197 0.4327777777777779 0.049450714823175305 0.17888888888888893
3 0.6751617757712566 0.6266666666666667 0.07098570353649364 0.2044444444444445
3 0.3716779533483823 0.8466666666666669 0.07497366440933036 0.271111111111111
3 0.7022799097065464 0.8605555555555557 0.08055680963130171 0.2477777777777777
3 0.821918735891648 0.8633333333333334 0.09650865312264856 0.2666666666666667
2 0.5595109104589917 0.673888888888889 0.16829194883370951 0.31000000000000005
