2 0.36968397326600894 0.4005555559323158 0.11086531226486088 0.1522222222222222
3 0.30627539503386003 0.34666666666666673 0.031903686982693774 0.1266666666666666
3 0.49929270127915726 0.20611111111111113 0.027118133935289706 0.08555555555555554
3 0.5587133182844244 0.2594444444444445 0.02791572610985703 0.07222222222222222
3 0.6113544018058691 0.28555555555555556 0.042272385252069215 0.11555555555555558
3 0.5595109104589917 0.3377777777777778 0.03270127915726107 0.11777777777777781
2 0.5926109856445292 0.37055555517879535 0.03190368698269374 0.12333333333333339
3 0.6300978179082017 0.4433333333333334 0.03349887133182847 0.1711111111111112
3 0.6847328818660648 0.40222222222222226 0.04227238525206914 0.1666666666666667
3 0.7433559066967645 0.3922222222222223 0.046260346124905996 0.15333333333333343
3 0.7688788562829194 0.6411111111111112 0.06859292701279159 0.21777777777777785
3 0.7102558314522198 0.7166666666666667 0.059819413092550774 0.27111111111111114
3 0.4426636568848758 0.4416666666666667 0.03190368698269374 0.17222222222222214
3 0.42950338600451476 0.335 0.03908201655379983 0.12111111111111107
3 0.4893227990970655 0.33277777777777784 0.03748683220466518 0.13888888888888892
2 0.5483446200150489 0.5161111111111112 0.10767494356659142 0.22333333333333336
3 0.39600451467268627 0.5155555555555557 0.04386756960120387 0.18444444444444444
2 0.47218205201367114 0.8261111111111111 0.17389006351330308 0.34777777777777774
3 0.9160346124905945 0.7605555555555558 0.06460496613995474 0.261111111111111
3 0.6647930775018813 0.2466666666666667 0.03589164785553052 0.11111111111111115
0 0.7545221971407073 0.06611111111111112 0.01435665914221218 0.018888888888888903
