3 0.5004965742698194 0.8755555555555555 0.09014288518373192 0.24888888888888885
3 0.41793829947328826 0.7094444444444445 0.06859292701279159 0.2788888888888889
3 0.4925131677953348 0.693888888888889 0.0614145974416855 0.24333333333333343
3 0.5599097065462755 0.6916666666666669 0.05583145221971406 0.26555555555555554
2 0.7405643340857787 0.633888888888889 0.176267870579383 0.2966666666666668
2 0.5224228743416103 0.5627777777777778 0.1435665914221219 0.2522222222222223
2 0.33738148984198646 0.5777777777777778 0.1754702784048156 0.32222222222222213
3 0.17188111361926262 0.818888888888889 0.07258088788562828 0.28888888888888886
3 0.60058690744921 0.4255555555555556 0.03190368698269374 0.17333333333333328
3 0.6304966139954854 0.3855555555555556 0.042272385252069285 0.16000000000000006
3 0.6747629796839729 0.39555555555555555 0.03349887133182833 0.16000000000000006
3 0.7054702784048158 0.3450000000000001 0.03589164785553052 0.14111111111111113
3 0.6568171557562077 0.35277777777777786 0.02951091045899176 0.12555555555555561
3 0.6532279909706545 0.24500000000000008 0.03987960872836723 0.11222222222222225
3 0.6879232505643341 0.28666666666666674 0.027915726109856962 0.11555555555555558
3 0.5623024830699775 0.3833333333333334 0.030308502633559088 0.14666666666666664
3 0.5224228743416103 0.39555555555555555 0.05742663656884879 0.12
3 0.4546275395033861 0.3844444444444445 0.03987960872836716 0.14888888888888885
3 0.41753950338600454 0.3605555555555556 0.03429646350639587 0.12777777777777782
3 0.37885628291948836 0.35277777777777786 0.04147479307750188 0.1277777777777778
3 0.3453574115876599 0.34944444444444445 0.04306997742663654 0.12333333333333335
3 0.4761625282167043 0.33333333333333337 0.03190368698269374 0.14
3 0.5100601956358165 0.34777777777777785 0.02951091045899176 0.12666666666666665
3 0.5335891647855531 0.3166666666666667 0.02871331828442436 0.1288888888888889
3 0.5694808126410835 0.3233333333333334 0.0334988713318284 0.12888888888888894
