2 0.5232204665161776 0.5100000000000001 0.13878103837471784 0.2800000000000001
2 0.7445597796874266 0.785 0.2560420574937394 0.42999999999999994
2 0.677155756207675 0.4372222222222223 0.14197140707298722 0.19888888888888887
2 0.43030097817908197 0.28222222222222226 0.09172310007524452 0.18000000000000005
3 0.5084650112866818 0.3094444444444445 0.04386756960120394 0.13444444444444448
3 0.5738675696012039 0.26833333333333337 0.045462753950338594 0.12777777777777782
3 0.4350865312264861 0.17555555555555558 0.03270127915726107 0.07333333333333336
3 0.5120541760722348 0.17333333333333337 0.027118133935289706 0.08444444444444445
3 0.5527313769751693 0.16833333333333336 0.02233258088788567 0.08555555555555559
3 0.5830398796087284 0.1627777777777778 0.03349887133182847 0.08111111111111112
2 0.5212264860797593 0.1366666666666667 0.0502483069977427 0.07111111111111112
1 0.7521294206170053 0.11166666666666668 0.015951843491346835 0.02111111111111111
