2 0.5280060195635816 0.585 0.1435665914221219 0.30111111111111105
2 0.6811437170805117 0.4466666666666667 0.1339954853273138 0.2044444444444445
2 0.7633031957897591 0.8022222222222223 0.2616252027157109 0.39555555555555544
2 0.41714070697417993 0.3155555555555556 0.09730624594629847 0.18888888888888883
3 0.4925131677953348 0.3622222222222223 0.03270127915726114 0.15777777777777774
3 0.5690820165537999 0.29611111111111116 0.031106094808126414 0.1344444444444445
3 0.4235214446952596 0.19722222222222224 0.031903686982693816 0.08111111111111115
3 0.5128517682468021 0.19833333333333336 0.031903686982693816 0.09444444444444443
3 0.5527313769751693 0.18833333333333335 0.027118133935289633 0.08555555555555557
3 0.5842362678705794 0.18333333333333335 0.024725357411587653 0.08444444444444449
2 0.5200300978179082 0.15222222222222226 0.05742663656884872 0.07555555555555557
1 0.7525282167042888 0.11111111111111112 0.013559066967644782 0.024444444444444463
