2 0.5653153153153153 0.7683333333333333 0.1471471471471471 0.31222222222222223
3 0.853978978978979 0.6905555555555556 0.056306306306306196 0.23666666666666664
3 0.22935435435435436 0.745 0.07732732732732732 0.22111111111111106
2 0.3111861861861862 0.5472222222222222 0.11936936936936939 0.23222222222222214
2 0.4883633633633634 0.5116666666666667 0.0998498498498499 0.2144444444444445
3 0.6497747747747747 0.47 0.032282282282282256 0.1444444444444445
3 0.5882132132132132 0.48388888888888887 0.04279279279279279 0.15666666666666657
3 0.7150900900900902 0.3927777777777777 0.03528528528528525 0.13888888888888892
3 0.6283783783783784 0.42611111111111116 0.03003003003003009 0.14111111111111108
3 0.5957207207207207 0.40055555555555555 0.03678678678678679 0.13888888888888887
3 0.41554054054054057 0.4294444444444444 0.03678678678678679 0.1455555555555555
3 0.3716216216216216 0.3894444444444444 0.03453453453453456 0.13444444444444442
3 0.42417417417417413 0.37888888888888883 0.033033033033033024 0.13777777777777778
3 0.47409909909909914 0.3794444444444444 0.027777777777777787 0.13888888888888887
3 0.5213963963963963 0.35055555555555556 0.027777777777777787 0.13666666666666663
3 0.5690690690690691 0.3627777777777778 0.03153153153153141 0.1366666666666667
3 0.48348348348348347 0.345 0.031531531531531556 0.13888888888888887
3 0.6212462462462462 0.34222222222222215 0.029279279279279324 0.12222222222222222
3 0.6591591591591591 0.38333333333333336 0.028528528528528482 0.13777777777777775
3 0.6591591591591591 0.3366666666666667 0.027027027027027088 0.12222222222222222
3 0.6993243243243243 0.33055555555555555 0.023273273273273106 0.13000000000000003
0 0.7533783783783784 0.08833333333333333 0.014264264264264312 0.021111111111111115
