3 0.26280662151993983 0.483888888888889 0.03429646350639579 0.1744444444444445
3 0.5367795334838225 0.605 0.04785553047404065 0.22111111111111106
2 0.3601128673482231 0.5088888893410012 0.16350639578630552 0.26888888888888896
3 0.4849360421369451 0.3761111111111111 0.038284424379232504 0.14777777777777779
3 0.5443566591422122 0.368888888888889 0.03270127915726114 0.14888888888888893
3 0.5890218209179835 0.35 0.042272385252069215 0.1444444444444445
2 0.7230173066583495 0.5599999999999994 0.16350639496020064 0.2599999999999998
2 0.5124529721595185 0.2844444444444445 0.07417607223476302 0.1088888888888889
3 0.4263130173062454 0.21111111111111114 0.026320541760722307 0.09333333333333335
3 0.5830398796087285 0.21611111111111114 0.03190368698269374 0.09
3 0.6257110609480813 0.19611111111111115 0.024725357411587653 0.0788888888888889
3 0.5236192626034613 0.20388888888888893 0.026320541760722377 0.06333333333333332
3 0.4869300225733635 0.17611111111111113 0.019939804364183543 0.07666666666666666
3 0.45941309255079005 0.16333333333333336 0.023927765237020324 0.07111111111111112
3 0.4075696012039127 0.16111111111111115 0.02871331828442443 0.05777777777777779
3 0.5192325056433409 0.15444444444444447 0.02073739653875094 0.06666666666666667
3 0.5650940556809632 0.17277777777777778 0.024725357411587653 0.08333333333333334
