2 0.5724474474474475 0.8322222222222223 0.1644144144144144 0.32
2 0.27252252168939173 0.7222222222222223 0.14114114114114115 0.2866666666666666
2 0.4894894894894895 0.5194444444444444 0.11861861861861861 0.2344444444444445
3 0.37387387387387394 0.39 0.033033033033033024 0.14666666666666664
3 0.634009009009009 0.4294444444444444 0.030780780780780646 0.13666666666666671
3 0.7094594594594595 0.4355555555555556 0.039039039039039096 0.16
3 0.5953453453453453 0.41166666666666674 0.033033033033033024 0.1455555555555555
3 0.6576576576576576 0.37888888888888894 0.03003003003003016 0.13333333333333333
3 0.6985735735735736 0.33388888888888885 0.033783783783783716 0.1277777777777778
3 0.6204954954954955 0.34388888888888886 0.030780780780780857 0.12111111111111111
3 0.5671921921921921 0.3672222222222223 0.030780780780780715 0.1277777777777778
3 0.5232732732732732 0.3483333333333333 0.03003003003003009 0.14111111111111108
3 0.4733483483483484 0.3716666666666667 0.030780780780780788 0.1322222222222222
3 0.41403903903903905 0.4338888888888889 0.03828828828828833 0.16333333333333336
3 0.42229729729729726 0.3744444444444444 0.03528528528528532 0.11333333333333336
3 0.48573573573573575 0.33666666666666667 0.031531531531531556 0.12888888888888886
