3 0.17567567567567566 0.8616666666666667 0.10060060060060057 0.2611111111111111
2 0.5686936936936937 0.7711111111111112 0.15690690690690687 0.3133333333333334
2 0.31343843843843844 0.5572222222222222 0.11486486486486495 0.28333333333333327
3 0.20382882882882883 0.5805555555555556 0.054804804804804805 0.19
2 0.4883633633633633 0.5177777777777777 0.10585585585585583 0.22666666666666666
3 0.6681681681681682 0.5388888888888889 0.03603603603603617 0.17777777777777778
3 0.4174174174174174 0.4344444444444444 0.03753753753753756 0.15333333333333335
3 0.3783783783783784 0.39333333333333337 0.042042042042042024 0.1488888888888889
3 0.47409909909909914 0.37222222222222223 0.027777777777777787 0.13333333333333328
3 0.5225225225225225 0.35388888888888886 0.03003003003003002 0.13666666666666663
3 0.4857357357357357 0.3422222222222222 0.03003003003002995 0.12
3 0.6287537537537538 0.4277777777777778 0.03528528528528525 0.14222222222222214
3 0.5945945945945946 0.4066666666666666 0.040540540540540564 0.14888888888888885
3 0.5694444444444444 0.36666666666666664 0.029279279279279324 0.1533333333333334
3 0.713963963963964 0.3927777777777778 0.03603603603603602 0.13
3 0.6584084084084085 0.37722222222222224 0.03003003003003002 0.13222222222222224
3 0.6974474474474474 0.3477777777777778 0.03603603603603602 0.1288888888888889
3 0.6227477477477477 0.335 0.03528528528528532 0.1144444444444445
0 0.7537537537537538 0.08666666666666666 0.019519519519519548 0.02
