3 0.4191346877351393 0.5261111111111112 0.045462753950338664 0.1922222222222223
3 0.48892400300978184 0.365 0.04785553047404065 0.1544444444444445
3 0.4933107599699022 0.27 0.03589164785553052 0.09777777777777778
3 0.5567193378480061 0.26277777777777783 0.027118133935289706 0.07888888888888893
3 0.5583145221971407 0.35111111111111115 0.03987960872836723 0.14
3 0.5969977426636569 0.3438888888888889 0.03270127915726114 0.13444444444444442
3 0.634484574868322 0.4316666666666667 0.03908201655379983 0.16777777777777786
3 0.751331828442438 0.5116666666666667 0.049450714823175305 0.20777777777777778
3 0.6907148231753198 0.7155555555555556 0.06540255831452214 0.22888888888888886
3 0.3365913823962301 0.9215590328640408 0.071798265168683 0.15645139906141495
3 0.708668131831896 0.9343368106418187 0.07259585734325029 0.13089584350585937
3 0.8637998097852446 0.9311111111111111 0.0749886338669522 0.13777777777777772
2 0.5678856282919489 0.7077777777777778 0.17387509405568097 0.32888888888888884
2 0.36888638073739655 0.4033333333333334 0.11086531226486084 0.1711111111111111
3 0.30627539503386003 0.34055555555555556 0.04147479307750185 0.11666666666666668
