2 0.572072072072072 0.7688888888888888 0.14264264264264276 0.2955555555555555
2 0.487987987987988 0.5177777777777777 0.0975975975975976 0.22666666666666666
2 0.31268768768768773 0.5444444444444444 0.11636636636636641 0.24
3 0.22785285285285284 0.7372222222222223 0.07282282282282282 0.22777777777777786
3 0.6505255255255256 0.47722222222222216 0.03378378378378379 0.14999999999999994
3 0.7890390390390389 0.45 0.039039039039039096 0.1622222222222222
3 0.7132132132132134 0.3883333333333333 0.028528528528528482 0.1277777777777778
3 0.7004504504504504 0.335 0.027027027027027088 0.11888888888888886
3 0.6591591591591591 0.3805555555555556 0.03153153153153141 0.13000000000000003
3 0.6276276276276276 0.4277777777777778 0.027027027027027088 0.14222222222222214
3 0.5784534534534534 0.45611111111111113 0.03678678678678679 0.1566666666666667
3 0.5953453453453453 0.41 0.03003003003003002 0.14666666666666672
3 0.6201201201201202 0.34111111111111114 0.027027027027027088 0.12666666666666665
3 0.5701951951951952 0.3655555555555556 0.02627627627627625 0.14222222222222217
3 0.5243993993993994 0.3522222222222222 0.02627627627627632 0.13333333333333328
3 0.4688438438438438 0.37111111111111117 0.030780780780780788 0.12666666666666676
3 0.48423423423423423 0.3472222222222222 0.03603603603603602 0.1366666666666667
3 0.4159159159159159 0.4366666666666667 0.031531531531531556 0.16
3 0.4241741741741742 0.37666666666666665 0.03003003003003002 0.1311111111111111
3 0.37199699699699706 0.3916666666666667 0.02627627627627625 0.14777777777777779
0 0.7545045045045045 0.08611111111111111 0.01501501501501508 0.03
