3 0.49929270127915726 0.875 0.07497366440933036 0.24777777777777785
3 0.4051768246802107 0.7466666666666667 0.06540255831452228 0.2733333333333334
3 0.4897215951843492 0.6866666666666668 0.04785553047404058 0.23111111111111107
3 0.555522949586155 0.6972222222222223 0.05503386004514674 0.25
2 0.3385778781038375 0.573888888888889 0.1619112114371708 0.31666666666666665
2 0.5148457486832205 0.5583333333333335 0.12681715575620772 0.24555555555555572
2 0.7453498871331828 0.645 0.17307750188111357 0.2855555555555556
3 0.6009857035364936 0.41944444444444445 0.03589164785553045 0.15666666666666665
3 0.6312942061700526 0.3988888888888889 0.031106094808126487 0.16888888888888898
3 0.675959367945824 0.39055555555555554 0.03429646350639587 0.15000000000000008
3 0.7054702784048158 0.3388888888888889 0.031106094808126414 0.13777777777777786
3 0.6556207674943567 0.3494444444444445 0.027118133935289706 0.11666666666666671
3 0.5595109104589917 0.38333333333333336 0.031106094808126414 0.1511111111111111
3 0.521625282167043 0.39777777777777784 0.04306997742663654 0.1444444444444445
3 0.45502633547265475 0.38888888888888895 0.02951091045899169 0.16222222222222224
3 0.476561324303988 0.3433333333333334 0.026320541760722307 0.1488888888888889
3 0.5080662151993981 0.34722222222222227 0.02552294958615498 0.11222222222222221
3 0.41833709556057186 0.3644444444444445 0.039082016553799906 0.14666666666666672
3 0.3784574868322047 0.35277777777777786 0.024725357411587653 0.15444444444444447
3 0.34216704288939054 0.35611111111111116 0.038284424379232504 0.14555555555555555
3 0.6863280662151994 0.29000000000000004 0.03589164785553052 0.10222222222222221
3 0.6512340105342364 0.2516666666666667 0.03429646350639572 0.12555555555555553
