3 0.49930018600796827 0.875 0.076583818216087 0.24999999999999986
3 0.5567193378480061 0.6972222222222223 0.05583145221971406 0.25
3 0.4901203912716329 0.6761111111111111 0.04865312264860797 0.20333333333333328
2 0.8055755810418285 0.8293368106418186 0.21855522528907428 0.3408958435058594
2 0.5156433408577878 0.558888888888889 0.11884123401053422 0.23333333333333342
2 0.3337923250564334 0.5816666666666667 0.17148231753197896 0.31222222222222223
3 0.3393754702784048 0.36 0.04227238525206925 0.1355555555555555
3 0.3776598946576374 0.3544444444444445 0.042272385252069215 0.13777777777777783
3 0.60058690744921 0.41666666666666674 0.038284424379232504 0.16000000000000006
3 0.63209179834462 0.38777777777777783 0.031106094808126487 0.15555555555555556
3 0.675959367945824 0.3994444444444445 0.03270127915726107 0.17666666666666667
3 0.7106546275395034 0.3427777777777778 0.03828442437923257 0.1477777777777778
3 0.6604063205417607 0.348888888888889 0.03349887133182847 0.14888888888888893
3 0.5599097065462755 0.37388888888888894 0.04147479307750181 0.13888888888888895
3 0.5244168547780287 0.3933333333333334 0.056629044394281465 0.13111111111111107
3 0.4526335590669677 0.3822222222222223 0.04067720090293463 0.14666666666666664
3 0.4215274642588413 0.3644444444444445 0.03270127915726114 0.13333333333333333
3 0.4749661399548533 0.3438888888888889 0.03270127915726114 0.14555555555555558
3 0.5080662151993981 0.3538888888888889 0.02871331828442443 0.1366666666666667
3 0.6883220466516178 0.29166666666666674 0.03828442437923257 0.11444444444444443
3 0.6604063205417607 0.25333333333333335 0.04147479307750188 0.13111111111111115
