2 0.5683183183183182 0.7688888888888888 0.14864864864864857 0.3177777777777779
2 0.3201951951951952 0.5494444444444444 0.1298798798798799 0.25222222222222224
2 0.48648648648648646 0.515 0.10660660660660654 0.23222222222222214
3 0.23310810810810814 0.74 0.0683183183183183 0.2444444444444445
3 0.6486486486486487 0.4727777777777778 0.02552552552552555 0.1566666666666667
3 0.5777027027027027 0.45277777777777783 0.03678678678678679 0.16333333333333336
3 0.6272522522522522 0.42833333333333334 0.02627627627627632 0.15888888888888886
3 0.5990990990990991 0.40666666666666673 0.03753753753753749 0.14222222222222222
3 0.41403903903903905 0.43111111111111117 0.03828828828828833 0.1577777777777778
3 0.3731231231231231 0.39 0.03003003003003002 0.13777777777777778
3 0.3228228228228228 0.35555555555555557 0.04654654654654653 0.14
3 0.4211711711711712 0.38 0.03603603603603602 0.13777777777777775
3 0.46959459459459457 0.37111111111111117 0.032282282282282325 0.12222222222222222
3 0.5202702702702703 0.3516666666666666 0.03603603603603609 0.14111111111111113
3 0.5698198198198198 0.36 0.027027027027027088 0.13777777777777775
3 0.7090840840840841 0.39 0.03678678678678679 0.13555555555555557
3 0.6584084084084084 0.3761111111111111 0.039039039039039096 0.13444444444444448
3 0.6981981981981983 0.3366666666666667 0.03303303303303309 0.13111111111111107
3 0.6614114114114114 0.33611111111111114 0.031531531531531556 0.12111111111111107
3 0.6208708708708709 0.34444444444444444 0.03303303303303309 0.14
0 0.7515015015015015 0.085 0.018018018018018153 0.021111111111111115
