2 0.3848382235501574 0.40777777740101695 0.11246049785315221 0.23333333333333323
2 0.70267870579383 0.5127777777777779 0.148352144469526 0.23
2 0.5407674943566592 0.7811111111111113 0.16430398796087295 0.40444444444444455
3 0.44784800601956365 0.5561111111111111 0.045462753950338664 0.19666666666666657
3 0.5539277652370204 0.42611111111111116 0.04386756960120387 0.15
3 0.3621068472535741 0.2994444444444445 0.02871331828442443 0.11444444444444446
3 0.5008878856282919 0.27722222222222226 0.02871331828442443 0.12333333333333335
3 0.5491422121896163 0.2627777777777778 0.03429646350639572 0.11666666666666668
3 0.5838374717832957 0.25000000000000006 0.03190368698269374 0.10666666666666672
2 0.5128517682468021 0.2038888888888889 0.06221218961625283 0.09444444444444443
