2 0.5276072234762981 0.6433333333333334 0.1491497366440933 0.3222222222222223
2 0.6807449209932281 0.4694444444444445 0.14436418359668934 0.20111111111111113
3 0.4853348382242288 0.41055555555555556 0.04865312264860797 0.14777777777777779
3 0.5603085026335591 0.33277777777777784 0.03589164785553045 0.13000000000000003
2 0.40876598908221495 0.3416666666666665 0.10607975998455371 0.17888888888888882
2 0.5216252821670428 0.1649999997739439 0.05902182091798345 0.07444444444444445
3 0.5084650112866818 0.21333333333333335 0.03429646350639579 0.1044444444444445
3 0.551933784800602 0.21166666666666667 0.02871331828442436 0.10111111111111114
3 0.5862302483069978 0.205 0.030308502633559015 0.09444444444444447
3 0.4127539503386005 0.21888888888888894 0.03748683220466518 0.08000000000000003
1 0.752528216704289 0.11277777777777778 0.011963882618510127 0.021111111111111126
