3 0.5415650865312266 0.5411111111111111 0.04785553047404058 0.19111111111111115
3 0.3852370203160271 0.7861111111111111 0.07497366440933036 0.2633333333333334
2 0.7138449962377728 0.5344444444444444 0.15792325056433407 0.23333333333333336
2 0.5411737751727539 0.855 0.21297208006710286 0.28999999999999987
3 0.29909706546275394 0.41166666666666674 0.0398796087283672 0.15888888888888886
2 0.37407072913449085 0.478888888888889 0.14356659289730855 0.27111111111111114
2 0.5116553797489213 0.2538888888135369 0.0677953348382242 0.09888888888888889
3 0.48892400300978184 0.33333333333333337 0.038284424379232504 0.13555555555555554
3 0.5503386008645196 0.3366666665159626 0.028713318284424357 0.13777777777777786
3 0.5854326561324305 0.31 0.03349887133182847 0.12222222222222225
3 0.4354853273137698 0.19833333333333336 0.023927765237020324 0.07444444444444447
3 0.5802483069977427 0.19833333333333336 0.02951091045899176 0.07444444444444447
3 0.5260120391271633 0.18722222222222226 0.026320541760722377 0.07000000000000002
3 0.6181339352896915 0.17722222222222225 0.0223325808878856 0.07888888888888891
