2 0.5701951951951952 0.7622222222222221 0.14639639639639646 0.31333333333333335
2 0.48986486486486486 0.5166666666666666 0.09834834834834837 0.2177777777777777
2 0.31043543504664106 0.5455555554802035 0.11336336336336333 0.22444444444444436
3 0.2334834834834835 0.7416666666666666 0.06756756756756759 0.23222222222222222
3 0.08934638450095606 0.8816666666666666 0.08109517140431448 0.23666666666666672
3 0.6497747747747747 0.47444444444444445 0.032282282282282256 0.1555555555555555
3 0.6261261261261262 0.4272222222222223 0.031531531531531556 0.14111111111111108
3 0.5754504504504504 0.45111111111111113 0.039789789789789795 0.1533333333333333
3 0.5945945945945946 0.40833333333333327 0.025525525525525623 0.14111111111111108
3 0.7117117117117117 0.3933333333333333 0.03003003003003016 0.13777777777777778
3 0.7548798798798799 0.35555555555555557 0.03528528528528525 0.14666666666666664
3 0.658033033033033 0.38222222222222224 0.03078078078078093 0.13999999999999996
3 0.6993243243243243 0.33777777777777773 0.030780780780780788 0.13111111111111107
3 0.5690690690690691 0.3572222222222222 0.03153153153153141 0.13222222222222224
3 0.6223723723723724 0.33944444444444444 0.027027027027027088 0.13
3 0.5243993993993995 0.34666666666666673 0.03528528528528532 0.12222222222222222
3 0.47109609609609604 0.3694444444444444 0.03528528528528532 0.12333333333333339
3 0.4883633633633634 0.33944444444444444 0.03678678678678679 0.13
3 0.41403903903903905 0.43666666666666665 0.03828828828828833 0.15111111111111114
3 0.37424924924924924 0.3922222222222222 0.03828828828828826 0.12888888888888886
3 0.4264264264264264 0.3833333333333333 0.031531531531531556 0.14666666666666664
