3 0.502091758618954 0.8772222222222222 0.08695251648546261 0.24555555555555542
3 0.5623024830699775 0.7016666666666667 0.07497366440933029 0.26111111111111107
3 0.49610233258088793 0.69 0.06221218961625283 0.22444444444444442
2 0.5148457486832205 0.5677777777777778 0.1363882618510158 0.2266666666666668
3 0.7632957110609482 0.47277777777777785 0.031903686982693816 0.17888888888888893
3 0.7648908954100828 0.35111111111111115 0.0446651617757712 0.1266666666666667
3 0.7250112866817155 0.2994444444444445 0.030308502633559158 0.11222222222222228
3 0.7074642588412341 0.34666666719413103 0.04147479307750188 0.11555555555555558
3 0.6771557562076751 0.39388888888888896 0.031903686982693816 0.15222222222222226
3 0.6600075244544772 0.3544444444444445 0.03270127915726121 0.13777777777777783
3 0.6707750188111362 0.26333333333333336 0.031903686982693816 0.11777777777777775
3 0.633288186606471 0.3944444444444445 0.038284424379232504 0.14222222222222228
3 0.6033784800601957 0.413888888888889 0.05024830699774263 0.16333333333333336
3 0.5623024830699774 0.3833333333333334 0.035094055680963125 0.12888888888888894
3 0.525214446952596 0.39611111111111114 0.04705793829947325 0.1322222222222223
3 0.5092626034612491 0.3538888888888889 0.02791572610985703 0.11666666666666671
3 0.5718735891647856 0.33944444444444444 0.030308502633559015 0.1411111111111111
3 0.47855530474040636 0.345 0.03349887133182847 0.15222222222222226
3 0.4530323551542514 0.3955555557062597 0.027118133935289706 0.15111111111111117
3 0.4203310759969902 0.37111111111111117 0.03190368698269374 0.1488888888888889
3 0.3752671181339353 0.36777777777777787 0.031106094808126414 0.14000000000000004
3 0.2632054176072235 0.46277777777777784 0.04466516177577127 0.16333333333333336
3 0.3230248306997743 0.3844444444444445 0.0446651617757713 0.13555555555555557
