3 0.31306306306306303 0.35555555555555557 0.045045045045045064 0.13333333333333336
3 0.37612612612612606 0.3927777777777777 0.028528528528528555 0.14111111111111108
3 0.41516516516516516 0.43222222222222223 0.03303303303303309 0.1533333333333333
3 0.42192192192192196 0.3688888888888889 0.03603603603603602 0.11999999999999997
3 0.4714714714714715 0.36611111111111116 0.02552552552552548 0.1255555555555555
3 0.4857357357357357 0.34333333333333327 0.03603603603603609 0.1355555555555555
3 0.5247747747747747 0.34666666666666673 0.03453453453453456 0.12222222222222222
3 0.5671921921921921 0.36111111111111116 0.030780780780780715 0.14666666666666672
3 0.5975975975975976 0.40666666666666673 0.027027027027027088 0.1555555555555555
3 0.6212462462462462 0.3161111111111111 0.024774774774774855 0.06777777777777778
3 0.6287537537537538 0.41444444444444445 0.02627627627627632 0.1244444444444445
3 0.6542792792792792 0.4777777777777778 0.02327327327327339 0.14
3 0.6561561561561561 0.38388888888888895 0.03603603603603595 0.15000000000000002
3 0.710960960960961 0.3844444444444444 0.03603603603603617 0.13999999999999996
3 0.6978228228228228 0.3211111111111111 0.02927927927927925 0.10666666666666672
3 0.21734234234234237 0.7644444444444445 0.06231231231231231 0.24666666666666656
2 0.31043543482447294 0.5516666666666665 0.11936937059129464 0.261111111111111
2 0.4906156156156156 0.5111111111111111 0.09534534534534536 0.22
2 0.5656906906906908 0.7677777777777779 0.15990990990990986 0.2800000000000001
