2 0.5132505643340859 0.3766666666666667 0.10129420617005266 0.19777777777777786
2 0.6536267870579384 0.3722222222222223 0.12362678705793834 0.16666666666666663
2 0.6903160264979613 0.6305555559323159 0.21295711060948075 0.3277777777777778
2 0.49012787600044383 0.8916666666666667 0.2002106052740254 0.21666666666666656
2 0.8526260346124905 0.39 0.19142212189616245 0.14888888888888893
2 0.453431151241535 0.2094444444444445 0.06620015048908946 0.13444444444444448
3 0.2947103085026336 0.6383333333333334 0.06939051918735892 0.2344444444444445
3 0.6939126766024003 0.8683333333333334 0.0781790025652218 0.26333333333333314
3 0.5347855530474042 0.23277777777777778 0.03748683220466518 0.09
3 0.5722723852520692 0.19333333333333336 0.03748683220466511 0.09111111111111114
1 0.754123394982966 0.11444444444444449 0.013559079108560307 0.019999999999999993
