3 0.5024905547062377 0.8777777777777779 0.07817900256522164 0.2444444444444443
3 0.5619036869826938 0.703888888888889 0.06939051918735892 0.2655555555555555
3 0.48772761474793086 0.6972222222222223 0.05503386004514674 0.22777777777777794
2 0.5108577878103838 0.5666666666666668 0.12362678705793825 0.24666666666666656
2 0.3306019563581641 0.6033333333333334 0.16669676448457482 0.34222222222222215
3 0.6013844996237774 0.4194444444444445 0.030308502633559088 0.17
3 0.6316930022573364 0.3994444444444445 0.03349887133182847 0.16333333333333333
3 0.6791497366440933 0.39277777777777784 0.03589164785553052 0.16777777777777778
3 0.7054702784048158 0.35 0.031106094808126414 0.14222222222222225
3 0.7345823927765238 0.3155555555555556 0.030308502633559015 0.13555555555555554
3 0.6584123401053423 0.3644444444444445 0.027915726109857104 0.1488888888888889
3 0.6911136192626034 0.2938888888888889 0.03908201655379983 0.12555555555555556
3 0.5599097065462755 0.3861111111111111 0.027118133935289633 0.14111111111111113
3 0.5698796087283672 0.33777777777777784 0.03270127915726107 0.13555555555555565
3 0.5224228743416103 0.39611111111111114 0.04306997742663654 0.11666666666666664
3 0.5072686230248307 0.34611111111111115 0.02552294958615498 0.12333333333333335
3 0.5327915726109858 0.3344444444444445 0.027118133935289706 0.13777777777777775
3 0.453431151241535 0.3861111111111111 0.03748683220466511 0.1522222222222222
3 0.47895410082769 0.34611111111111115 0.031106094808126414 0.15
3 0.41753950338600454 0.37388888888888894 0.03270127915726107 0.15444444444444452
3 0.3764635063957863 0.3588888888888889 0.03987960872836716 0.14222222222222228
3 0.33738148984198646 0.3572222222222223 0.0398796087283672 0.1322222222222223
3 0.6037772761474793 0.15500000000000003 0.04147479307750188 0.08111111111111115
0 0.7529270127915727 0.06611111111111112 0.02073739653875094 0.018888888888888903
