2 0.5709459459459459 0.7694444444444444 0.1493993993993994 0.29222222222222227
3 0.8967717717717718 0.8305555555555554 0.06681681681681681 0.28333333333333327
3 0.2256006006006006 0.7433333333333333 0.07732732732732728 0.22888888888888878
2 0.31306306306306303 0.55 0.11711711711711711 0.24888888888888885
2 0.49024024024024015 0.5188888888888888 0.09909909909909906 0.2311111111111112
3 0.5990990990990991 0.5088888888888888 0.05255255255255257 0.16666666666666663
3 0.6497747747747747 0.48388888888888887 0.039789789789789726 0.15888888888888894
3 0.7124624624624625 0.4 0.03003003003003002 0.14
3 0.6272522522522521 0.42333333333333334 0.030780780780780715 0.13555555555555557
3 0.6542792792792792 0.37833333333333335 0.032282282282282256 0.1388888888888889
3 0.5942192192192192 0.3983333333333334 0.030780780780780788 0.12555555555555556
3 0.6996996996996997 0.34055555555555556 0.03153153153153141 0.11666666666666671
3 0.6602852852852854 0.3466666666666666 0.02627627627627632 0.13555555555555554
3 0.6208708708708709 0.3477777777777778 0.031531531531531556 0.1288888888888889
3 0.566066066066066 0.3694444444444444 0.03153153153153149 0.13444444444444442
3 0.5255255255255256 0.3533333333333333 0.040540540540540564 0.1355555555555555
3 0.47222222222222227 0.37722222222222224 0.03603603603603609 0.13222222222222224
3 0.4853603603603604 0.34666666666666673 0.03678678678678679 0.14000000000000004
3 0.41366366366366364 0.4394444444444444 0.03003003003003009 0.16333333333333336
3 0.42680180180180183 0.39055555555555554 0.03528528528528525 0.16111111111111107
3 0.375 0.39388888888888896 0.030780780780780788 0.15000000000000002
0 0.7537537537537538 0.08666666666666666 0.016516516516516474 0.017777777777777778
