2 0.30893393346182635 0.5527777772879897 0.1238738748180889 0.2499999990204233
2 0.30518018018018017 0.6888888888888889 0.005255255255255271 0.02444444444444457
3 0.22747747747747746 0.7483333333333333 0.07207207207207204 0.2455555555555555
2 0.5664414414414415 0.7688888888888888 0.1493993993993994 0.3177777777777779
3 0.37424924924924924 0.39666666666666667 0.030780780780780715 0.15555555555555553
3 0.4144144144144144 0.4338888888888889 0.039039039039039096 0.16555555555555565
3 0.46996996996997 0.36777777777777776 0.028528528528528482 0.12444444444444443
3 0.4842342342342343 0.3422222222222222 0.03453453453453456 0.13555555555555557
3 0.5217717717717718 0.34555555555555556 0.03003003003003002 0.12
3 0.6475225225225225 0.47722222222222227 0.0487987987987988 0.17222222222222222
3 0.59496996996997 0.4122222222222222 0.030780780780780788 0.1533333333333333
3 0.628003003003003 0.4277777777777778 0.027777777777777856 0.14222222222222214
3 0.5679429429429429 0.3666666666666667 0.02927927927927918 0.1577777777777778
3 0.6231231231231231 0.33333333333333337 0.02552552552552555 0.10000000000000003
3 0.6576576576576576 0.37833333333333335 0.03303303303303295 0.13444444444444448
3 0.7128378378378377 0.3872222222222222 0.04429429429429419 0.13888888888888887
3 0.7015765765765767 0.33611111111111114 0.030780780780780646 0.12999999999999992
