2 0.5653153153153153 0.7688888888888888 0.1501501501501501 0.2955555555555555
3 0.22822822822822822 0.7366666666666667 0.08108108108108109 0.22888888888888892
2 0.31156156156156156 0.5422222222222222 0.12162162162162161 0.24222222222222223
2 0.487987987987988 0.5188888888888888 0.10960960960960961 0.22666666666666666
3 0.22409909909909909 0.495 0.04129129129129133 0.17888888888888885
3 0.6520270270270271 0.47055555555555556 0.03678678678678672 0.14777777777777779
3 0.6276276276276276 0.4344444444444444 0.027027027027027088 0.15333333333333335
3 0.5784534534534536 0.4566666666666667 0.04279279279279279 0.15111111111111114
3 0.5942192192192192 0.41111111111111115 0.032282282282282256 0.14666666666666664
3 0.7120870870870871 0.3916666666666667 0.03828828828828833 0.1322222222222222
3 0.6572822822822824 0.3855555555555556 0.033783783783783716 0.13777777777777778
3 0.6985735735735736 0.33444444444444443 0.030780780780780788 0.12888888888888894
3 0.6651651651651652 0.3466666666666666 0.027027027027027088 0.13555555555555554
3 0.6212462462462462 0.3427777777777778 0.030780780780780715 0.11888888888888889
3 0.5638138138138138 0.36111111111111116 0.03303303303303309 0.13333333333333333
3 0.5251501501501501 0.35388888888888886 0.02927927927927918 0.1411111111111111
3 0.47072072072072074 0.3705555555555556 0.03453453453453456 0.13666666666666663
3 0.4857357357357357 0.3433333333333334 0.033033033033033024 0.13111111111111115
3 0.41291291291291293 0.4405555555555556 0.03753753753753756 0.17
3 0.42567567567567566 0.3861111111111111 0.027027027027027018 0.13666666666666663
3 0.3727477477477477 0.39 0.03678678678678672 0.13111111111111115
