2 0.5668168168168162 0.7916666654233582 0.1501501501501501 0.3322222197356044
3 0.7098418799964514 0.8805555555555555 0.06382790413704711 0.23888888888888885
2 0.28378378328390524 0.6700000003014083 0.13813813813813813 0.2866666666666665
2 0.48648648648648646 0.5133333333333333 0.10510510510510507 0.21111111111111114
3 0.3734984984984985 0.38333333333333336 0.039789789789789795 0.1355555555555556
3 0.41666666666666674 0.4283333333333333 0.03453453453453456 0.14777777777777779
3 0.47409909909909914 0.37166666666666665 0.027777777777777787 0.12111111111111111
3 0.5277777777777778 0.3516666666666666 0.03603603603603617 0.13444444444444442
3 0.5709459459459459 0.3655555555555556 0.023273273273273175 0.12444444444444443
3 0.5987237237237237 0.40333333333333327 0.030780780780780715 0.15111111111111108
3 0.6336336336336337 0.43166666666666664 0.027027027027027088 0.14777777777777787
3 0.7158408408408409 0.42055555555555557 0.03828828828828833 0.15444444444444444
3 0.6584084084084084 0.3861111111111111 0.03603603603603602 0.13888888888888892
3 0.7012012012012012 0.33166666666666667 0.03753753753753756 0.13222222222222224
3 0.6186186186186187 0.34 0.031531531531531556 0.12444444444444443
3 0.4883633633633634 0.33888888888888885 0.03828828828828833 0.1244444444444444
