3 0.5136493604213694 0.8566666666666667 0.05902182091798345 0.28222222222222226
3 0.504477050413845 0.6266666666666667 0.045462753950338594 0.24222222222222223
3 0.4314973664409331 0.5944444444444446 0.04785553047404072 0.23111111111111116
3 0.5782543265613244 0.56 0.04785553047404065 0.2222222222222222
2 0.3353875085499597 0.5783333333333329 0.16829195054492643 0.30777777777777754
2 0.5148457486832205 0.46666666666666673 0.10767494356659142 0.2044444444444445
2 0.7373739653875094 0.6122222222222223 0.18424379232505628 0.26666666666666655
3 0.3162452972159519 0.34166666666666673 0.04067720090293452 0.13222222222222224
3 0.37566591422121903 0.30611111111111117 0.038284424379232504 0.11444444444444453
3 0.5116553799849511 0.30500000000000005 0.04386756960120394 0.11444444444444446
3 0.5938073739653875 0.31888888888888894 0.03429646350639579 0.1288888888888889
3 0.6616027088036118 0.3016666666666667 0.03270127915726107 0.12555555555555556
3 0.4187358916478556 0.2722222222222222 0.035094055680963125 0.11555555555555554
3 0.46858540255831455 0.2788888888888889 0.03589164785553045 0.11333333333333333
3 0.5004890895410083 0.23000000000000004 0.03589164785553052 0.09333333333333335
3 0.5690820165537999 0.28 0.03429646350639579 0.12666666666666665
3 0.6360797592174567 0.24722222222222226 0.031106094808126487 0.11444444444444443
3 0.6552219714070731 0.19444444444444448 0.026320541760722307 0.09333333333333335
3 0.6141459744168548 0.19055555555555556 0.02871331828442436 0.09444444444444448
3 0.5403686982693755 0.20833333333333337 0.031106094808126344 0.09222222222222222
3 0.5766591422121896 0.2166666666666667 0.02871331828442436 0.08222222222222225
3 0.47297215951843496 0.19777777777777777 0.0334988713318284 0.09333333333333332
3 0.45981188863807376 0.1566666666666667 0.026320541760722377 0.08444444444444446
3 0.5228216704288939 0.1688888888888889 0.024725357411587722 0.0866666666666667
3 0.5515349887133183 0.15722222222222224 0.018344620015048888 0.0811111111111111
1 0.7529270127915726 0.11333333333333336 0.01435665914221218 0.020000000000000018
