2 0.5630630630630631 0.7638888888888888 0.1471471471471471 0.3077777777777779
3 0.2256006006006006 0.735 0.07582582582582578 0.2255555555555555
2 0.3074324324324324 0.5533333333333332 0.1133633633633633 0.25111111111111106
2 0.4857357357357357 0.5172222222222222 0.10210210210210213 0.22555555555555556
3 0.6482732732732732 0.47722222222222216 0.032282282282282256 0.14999999999999994
3 0.7094594594594593 0.38666666666666666 0.03303303303303309 0.13555555555555554
3 0.6606606606606608 0.38222222222222224 0.04054054054054049 0.14444444444444443
3 0.6291291291291291 0.4216666666666667 0.031531531531531626 0.1522222222222222
3 0.5769519519519519 0.45444444444444443 0.03828828828828833 0.16666666666666663
3 0.5953453453453453 0.41555555555555557 0.031531531531531556 0.14666666666666664
3 0.6208708708708709 0.34666666666666673 0.031531531531531556 0.15111111111111108
3 0.6614114114114114 0.33555555555555555 0.03003003003003002 0.10666666666666672
3 0.7004504504504504 0.3411111111111111 0.028528528528528482 0.1244444444444444
3 0.5671921921921922 0.3722222222222223 0.033783783783783716 0.13777777777777778
3 0.5213963963963963 0.35611111111111116 0.030780780780780788 0.14777777777777779
3 0.47109609609609604 0.3866666666666667 0.03528528528528532 0.16666666666666663
3 0.48761261261261263 0.34944444444444445 0.03678678678678679 0.14333333333333328
3 0.4147897897897898 0.4405555555555556 0.03828828828828833 0.16777777777777778
3 0.42454954954954954 0.3805555555555556 0.03528528528528532 0.1366666666666666
3 0.37424924924924924 0.39555555555555555 0.03828828828828826 0.1355555555555555
3 0.3483483483483484 0.31222222222222223 0.04054054054054049 0.12888888888888886
0 0.7537537537537538 0.085 0.019519519519519548 0.02555555555555557
