3 0.5044845351426561 0.8744444444444446 0.07578622604151974 0.251111111111111
3 0.4163431151241535 0.7161111111111111 0.05423626787057941 0.2433333333333333
3 0.49530474040632055 0.6794444444444445 0.04466516177577127 0.21
3 0.5575169300225734 0.6911111111111111 0.04626034612490592 0.2466666666666667
2 0.7429571106094809 0.6355555555555558 0.16669676448457493 0.2933333333333335
2 0.5140481565086532 0.5516666666666667 0.12522197140707297 0.23222222222222227
2 0.3409706546275395 0.5777777777777778 0.1635063957863055 0.3133333333333334
3 0.6009857035364936 0.41611111111111115 0.03589164785553045 0.16333333333333327
3 0.63209179834462 0.39555555555555555 0.03270127915726114 0.16222222222222224
3 0.6759593682408612 0.402222223277151 0.03908201655379983 0.16444444444444453
3 0.7058690744920995 0.335 0.030308502633559015 0.12111111111111107
3 0.6592099322799098 0.3438888888888889 0.03429646350639587 0.11888888888888886
3 0.5638976674191122 0.3777777777777779 0.035094055680963125 0.14000000000000004
3 0.5248156508653123 0.4 0.04785553047404058 0.12888888888888894
3 0.45502633559066974 0.3816666666666667 0.03589164785553052 0.1411111111111111
3 0.4207298720842739 0.35944444444444446 0.03270127915726107 0.13666666666666663
3 0.3776598946576374 0.35055555555555556 0.04067720090293456 0.12333333333333335
3 0.3441610233258089 0.36 0.03429646350639579 0.13777777777777778
3 0.47576373212942064 0.34166666666666673 0.031106094808126414 0.1455555555555556
3 0.5064710308502635 0.34833333333333344 0.02233258088788567 0.1277777777777778
3 0.5694808126410835 0.32388888888888895 0.03668924003009785 0.11888888888888886
3 0.6839352896914974 0.2894444444444445 0.02632054176072245 0.11888888888888889
3 0.7142437923250565 0.28 0.027915726109857104 0.10222222222222221
3 0.6536267870579383 0.245 0.04067720090293463 0.12111111111111111
0 0.7545221971407073 0.065 0.017547027840481632 0.02555555555555557
