2 0.3306019560631267 0.5711111104329427 0.16988713318284426 0.33333333333333337
3 0.499698982095252 0.8694444444444445 0.08376214778719308 0.2611111111111111
3 0.4127539503386005 0.713888888888889 0.0614145974416855 0.25888888888888884
3 0.4909179834462002 0.6944444444444445 0.059819413092550774 0.22
3 0.5563205417607224 0.7011111111111111 0.06620015048908953 0.2466666666666667
2 0.739367945823928 0.6372222222222222 0.18982693754702795 0.2966666666666668
2 0.5144469525959369 0.5477777777777778 0.12761474793077504 0.22
3 0.607765237020316 0.4144444444444445 0.049450714823175305 0.16
3 0.6779533483822423 0.39055555555555566 0.03828442437923257 0.15888888888888889
3 0.6544243792325056 0.355 0.03270127915726107 0.1255555555555555
3 0.7022799097065463 0.3344444444444445 0.027915726109856962 0.1266666666666667
3 0.5634988713318285 0.3816666666666667 0.03429646350639572 0.1411111111111111
3 0.5208276899924755 0.39 0.04785553047404065 0.12000000000000006
3 0.4570203160270881 0.3777777777777779 0.046260346124905996 0.14666666666666675
3 0.42990218209179837 0.35611111111111116 0.035094055680963125 0.1344444444444445
3 0.37686230248306996 0.35833333333333334 0.03429646350639579 0.13888888888888887
3 0.3429646350639579 0.3644444444444445 0.04306997742663654 0.14
3 0.3313995485327314 0.3094444444444445 0.03270127915726107 0.12111111111111118
3 0.42471783295711063 0.30888888888888894 0.03270127915726107 0.11777777777777772
3 0.47696012033226426 0.32611111096040707 0.035094055680963125 0.13222222222222224
3 0.5084650112866818 0.3372222222222223 0.03270127915726114 0.11000000000000004
3 0.5280060195635816 0.28500000000000003 0.023927765237020324 0.10777777777777779
3 0.5694808126410835 0.3127777777777778 0.03987960872836716 0.11222222222222221
3 0.6045748683220467 0.2988888888888889 0.0334988713318284 0.1133333333333334
3 0.6484424379232506 0.2972222222222223 0.030308502633559158 0.09444444444444443
3 0.6743641835966894 0.2677777777777778 0.03270127915726107 0.10666666666666667
3 0.6033784800601957 0.22500000000000003 0.03270127915726114 0.10111111111111114
3 0.6388713318284425 0.21500000000000002 0.0223325808878856 0.10555555555555557
1 0.7529270127915726 0.11055555555555557 0.01435665914221218 0.02777777777777777
0 0.7541234010534237 0.065 0.015154251316779437 0.021111111111111126
