3 0.4969074094842662 0.8683333333333334 0.06701271212127885 0.26333333333333314
3 0.5599097065462755 0.6922222222222223 0.05104589917231003 0.24
3 0.4849360421369451 0.6877777777777778 0.046260346124905996 0.23333333333333336
2 0.7704740406320542 0.7333333333333334 0.19620767494356656 0.32888888888888884
2 0.5168397291196389 0.5661111111111112 0.12123401053423627 0.25000000000000017
2 0.33339352896914975 0.578888888888889 0.1706847253574116 0.3155555555555557
3 0.3409706546275395 0.3544444444444445 0.04705793829947329 0.14222222222222225
3 0.37965387509405574 0.3566666666666667 0.02871331828442443 0.1577777777777778
3 0.6021820917983447 0.42111111111111116 0.02871331828442436 0.1644444444444445
3 0.6316930022573364 0.3944444444444445 0.0398796087283673 0.15555555555555556
3 0.6755605718585403 0.3822222222222223 0.035094055680963125 0.14666666666666664
3 0.7058690744920995 0.34277777777777785 0.031903686982693816 0.14333333333333337
3 0.5595109104589917 0.37555555555555564 0.04067720090293449 0.1355555555555556
3 0.5224228743416103 0.38833333333333336 0.06221218961625283 0.1322222222222223
3 0.45263355906696773 0.3866666666666667 0.03589164785553045 0.14222222222222228
3 0.42112866817155764 0.365 0.03190368698269374 0.14111111111111108
3 0.47416854778028594 0.3366666666666667 0.031106094808126414 0.14444444444444443
3 0.5088638073739654 0.3566666666666667 0.02871331828442436 0.14444444444444443
3 0.570278404815651 0.33111111111111113 0.02871331828442443 0.14
3 0.53 0.32777777777777783 0.02951091045899169 0.13777777777777778
3 0.6891196388261852 0.28500000000000003 0.030308502633559015 0.1144444444444445
3 0.6544243792325056 0.24833333333333335 0.03748683220466518 0.1322222222222222
