3 0.5028893507935215 0.8777777777777779 0.07259585734325036 0.2444444444444443
3 0.5611060948081265 0.7011111111111112 0.0614145974416855 0.24888888888888894
3 0.4893227990970655 0.6961111111111111 0.05822422874341612 0.2166666666666667
2 0.5160421369450715 0.5583333333333335 0.13080511662904443 0.22777777777777777
2 0.3242212189616253 0.6316666666666668 0.176267870579383 0.32777777777777783
3 0.6029796837663859 0.4222222222222222 0.031903687395746255 0.1622222222222223
3 0.6336869826937547 0.4000000000000001 0.03748683220466518 0.15777777777777785
3 0.6755605718585403 0.3916666666666667 0.02871331828442436 0.14555555555555558
3 0.7054702784048158 0.34555555555555556 0.026320541760722307 0.13777777777777778
3 0.6616027088036118 0.3616666666666667 0.027915726109856962 0.14111111111111113
3 0.7413619262603461 0.3433333333333334 0.026320541760722307 0.14666666666666672
3 0.6903160270880362 0.2905555555555556 0.03748683220466518 0.11000000000000007
3 0.5603085026335591 0.3816666666666667 0.031106094808126414 0.14555555555555558
3 0.5678856282919489 0.34055555555555556 0.030308502633559015 0.13888888888888887
3 0.5236192626034613 0.40333333333333343 0.03908201655379983 0.13777777777777778
3 0.5060722347629798 0.3616666666666667 0.02951091045899169 0.13888888888888887
3 0.5311963882618511 0.3372222222222223 0.02552294958615498 0.14777777777777779
3 0.4538299473288187 0.39277777777777784 0.038284424379232504 0.1522222222222223
3 0.476561324303988 0.3438888888888889 0.031106094808126414 0.13444444444444442
3 0.4191346877351393 0.3733333333333334 0.02951091045899169 0.14222222222222222
3 0.3784574868322047 0.36111111111111116 0.03429646350639587 0.14222222222222225
3 0.3497441685477803 0.35833333333333334 0.042272385252069215 0.14555555555555555
3 0.31544770504138453 0.3266666666666667 0.03429646350639579 0.12888888888888897
3 0.6173363431151242 0.18000000000000005 0.027118133935289706 0.09111111111111116
0 0.7549209932279911 0.06611111111111112 0.016749435665914233 0.021111111111111115
