2 0.5713213213213214 0.7644444444444445 0.14714714714714724 0.3088888888888889
3 0.2312312312312312 0.7427777777777778 0.07357357357357355 0.238888888888889
2 0.31531531531531537 0.5533333333333332 0.11411411411411411 0.23555555555555563
2 0.4883633630301111 0.5188888888888888 0.09684684684684683 0.23333333333333336
3 0.8010510510510511 0.5066666666666667 0.0450450450450451 0.1955555555555555
3 0.6475225225225225 0.4772222222222222 0.03528528528528525 0.15888888888888886
3 0.7158408408408409 0.3966666666666667 0.032282282282282325 0.14222222222222222
3 0.5777027027027027 0.45555555555555555 0.039789789789789795 0.16000000000000006
3 0.6298798798798799 0.43111111111111117 0.02702702702702716 0.15333333333333335
3 0.5945945945945946 0.40888888888888886 0.028528528528528482 0.14444444444444443
3 0.6572822822822824 0.38333333333333336 0.030780780780780788 0.14222222222222217
3 0.6993243243243243 0.33666666666666667 0.026276276276276177 0.12888888888888886
3 0.6227477477477478 0.3527777777777778 0.02627627627627632 0.12777777777777785
3 0.5683183183183182 0.3627777777777778 0.031531531531531556 0.13222222222222219
3 0.5221471471471472 0.35055555555555556 0.02927927927927925 0.13
3 0.4703453453453453 0.3811111111111111 0.03378378378378379 0.12888888888888894
3 0.48648648648648646 0.35111111111111115 0.03153153153153149 0.14444444444444446
3 0.4129129129129129 0.44 0.03603603603603609 0.15555555555555556
3 0.42192192192192196 0.38222222222222224 0.03453453453453456 0.13333333333333333
3 0.37274774774774777 0.3855555555555556 0.032282282282282325 0.13333333333333333
0 0.7545045045045046 0.08666666666666668 0.01801801801801801 0.022222222222222233
