3 0.5024905547062377 0.8716666666666667 0.08296455561262583 0.2566666666666666
3 0.5575169300225734 0.6966666666666668 0.04626034612490592 0.25333333333333335
3 0.49171557562076756 0.6883333333333335 0.0614145974416855 0.21444444444444458
3 0.4163431151241535 0.7083333333333335 0.06380737396538755 0.2611111111111111
2 0.7417607223476298 0.6305555555555556 0.17068472535741164 0.278888888888889
2 0.5184349134687736 0.5644444444444445 0.11963882618510162 0.23333333333333342
2 0.3361851015801355 0.5755555555555556 0.16191121143717088 0.31333333333333335
3 0.602979683972912 0.41777777777777786 0.035094055680963125 0.1622222222222222
3 0.6328893905191874 0.39055555555555554 0.027915726109857104 0.16111111111111107
3 0.6747629796839729 0.3894444444444445 0.03349887133182833 0.16111111111111115
3 0.7054702784048158 0.3450000000000001 0.031106094808126414 0.14111111111111113
3 0.6596087283671934 0.3538888888888889 0.031903686982693816 0.12777777777777774
3 0.6835364936042138 0.28666666666666674 0.03349887133182847 0.11555555555555558
3 0.7274040632054176 0.3094444444444445 0.030308502633559158 0.11888888888888886
3 0.652829194883371 0.25 0.04067720090293456 0.1288888888888889
3 0.5603085026335591 0.38333333333333336 0.026320541760722307 0.1511111111111111
3 0.5734687735139202 0.3316666666666667 0.02552294958615498 0.12777777777777774
3 0.5208276899924755 0.39611111111111114 0.04785553047404065 0.13000000000000006
3 0.505673438675696 0.34722222222222227 0.030308502633559015 0.12333333333333332
3 0.5331903686982694 0.32 0.031106094808126344 0.12666666666666665
3 0.452234762979684 0.3833333333333334 0.038284424379232504 0.14888888888888893
3 0.4737697516930023 0.33555555555555555 0.035094055680963125 0.13555555555555554
3 0.4187358916478556 0.36 0.030308502633559088 0.12222222222222222
3 0.37686230248306996 0.35555555555555557 0.03270127915726107 0.13333333333333336
3 0.3405718585402559 0.35611111111111116 0.038284424379232504 0.12111111111111114
0 0.7533258088788563 0.06444444444444444 0.015154251316779579 0.020000000000000007
