2 0.3708803611738149 0.41111111111111115 0.1180436418359669 0.17555555555555558
3 0.30587659894657643 0.34222222222222226 0.03589164785553052 0.1355555555555555
3 0.4949059443190369 0.30611111111111117 0.03748683220466518 0.11666666666666668
3 0.5599097065462755 0.26777777777777784 0.027118133935289633 0.08666666666666671
3 0.5587133182844244 0.35777777777777786 0.03908201655379983 0.1355555555555556
3 0.604176072234763 0.36111111111111116 0.03908201655379983 0.14
3 0.48254326561324307 0.4138888888888889 0.04306997742663661 0.15444444444444444
3 0.5854326560144155 0.5127777777777779 0.04945071505920513 0.16777777777777786
3 0.36888638073739655 0.69 0.05503386004514667 0.23999999999999994
3 0.8227163280662153 0.7516666666666668 0.07258088788562844 0.24777777777777785
3 0.7142437923250565 0.915 0.0677953348382242 0.16555555555555557
2 0.5858314522197141 0.7994444444444446 0.19381489841986466 0.3411111111111112
