2 0.3333935309754035 0.5733333346896703 0.16430399551382974 0.30444444715711866
3 0.41474793077501887 0.7011111111111111 0.046260346124905996 0.2533333333333333
3 0.48892400300978184 0.6894444455747254 0.05104589917231003 0.21888888888888908
3 0.5654928517682468 0.6522222222222223 0.05742663656884872 0.21333333333333343
3 0.5052821273172234 0.8727777777777778 0.059834382550172906 0.2544444444444444
3 0.23528969149736645 0.518888888888889 0.04466516177577127 0.17333333333333337
2 0.5128517682468021 0.5427777777777778 0.12442437923250566 0.23000000000000007
2 0.7413619262603461 0.643888888888889 0.1778630549285178 0.2900000000000001
3 0.34894657637321297 0.34166666666666673 0.04067720090293449 0.14111111111111113
3 0.3892249811888638 0.3316666666666667 0.03349887133182847 0.14111111111111113
3 0.46499623777276156 0.33 0.0334988713318284 0.13777777777777778
3 0.5112565838976674 0.36888888888888893 0.03190368698269374 0.13333333333333328
3 0.5969977426636569 0.3816666666666667 0.04386756960120387 0.14777777777777776
3 0.5623024830699774 0.33777777777777784 0.04147479307750188 0.14666666666666664
3 0.6779533483822423 0.36833333333333335 0.036689240030097776 0.16111111111111115
3 0.6424604966139955 0.30611111111111117 0.02951091045899176 0.12555555555555556
3 0.6767569601203914 0.2744444444444445 0.031106094808126414 0.10666666666666672
3 0.44066967644845756 0.28722222222222227 0.026320541760722307 0.12333333333333332
3 0.48732881866064715 0.29222222222222227 0.02552294958615505 0.12888888888888894
3 0.520428893905192 0.28944444444444445 0.02951091045899176 0.12111111111111107
3 0.40677200902934535 0.23388888888888892 0.03349887133182847 0.11444444444444446
3 0.5862302483069978 0.23500000000000004 0.03190368698269374 0.09888888888888893
3 0.630895410082769 0.2466666666666667 0.02552294958615498 0.10222222222222221
3 0.6524303987960874 0.2194444444444445 0.030308502633559015 0.11222222222222225
3 0.5706772009029346 0.18555555555555558 0.02791572610985703 0.08666666666666668
3 0.6129495861550037 0.1627777777777778 0.03270127915726107 0.09222222222222222
3 0.5160421369450715 0.21888888888888894 0.02871331828442436 0.09333333333333335
