3 0.500895370357103 0.8744444444444446 0.07977418691435638 0.251111111111111
3 0.41075996990218216 0.7161111111111111 0.0622121896162529 0.26555555555555566
3 0.4905191873589165 0.7011111111111111 0.05902182091798345 0.23555555555555563
3 0.5599097065462755 0.712777777777778 0.06221218961625276 0.28777777777777785
2 0.7505342362678706 0.655 0.18663656884875848 0.29444444444444445
2 0.5184349134687736 0.553888888888889 0.12601956358164032 0.23000000000000007
2 0.3417682468021069 0.5750000000000001 0.1890293453724605 0.3077777777777779
3 0.23289691497366444 0.5816666666666667 0.05583145221971406 0.2122222222222222
3 0.5997893152746426 0.41444444444444445 0.030308502633559015 0.16888888888888892
3 0.6771557562076751 0.3944444444444445 0.03987960872836723 0.14666666666666672
3 0.6173363431151242 0.35833333333333334 0.036689240030097776 0.15222222222222226
3 0.6596087283671934 0.34444444444444444 0.03349887133182847 0.13333333333333336
3 0.705071482317532 0.33833333333333343 0.03349887133182847 0.1277777777777778
3 0.6875244544770505 0.2894444444444445 0.03349887133182847 0.10555555555555561
3 0.6500376222723853 0.25277777777777777 0.038284424379232504 0.12555555555555553
3 0.5623024830699774 0.3766666666666667 0.035094055680963125 0.1288888888888889
3 0.5224228743416103 0.3988888888888889 0.05742663656884879 0.13777777777777786
3 0.4538299473288187 0.3827777777777779 0.038284424379232504 0.1455555555555555
3 0.4199322799097065 0.36777777777777787 0.039082016553799906 0.13777777777777778
3 0.3776598946576374 0.3544444444444445 0.042272385252069215 0.1288888888888889
3 0.34256583897667425 0.3588888888888889 0.04067720090293456 0.13777777777777775
3 0.47297215951843496 0.3383333331826293 0.04147479307750181 0.15444444444444444
3 0.5080662151993981 0.34055555555555556 0.023927765237020324 0.11222222222222221
3 0.5307975921745673 0.3161111111111111 0.023130173062452998 0.10333333333333329
3 0.5738675696012039 0.3161111111111111 0.03589164785553052 0.10777777777777782
