2 0.566066066066066 0.7705555555555555 0.13963963963963968 0.31000000000000005
3 0.23235735735735738 0.745 0.07132132132132131 0.2255555555555555
3 0.6516516516516517 0.47666666666666674 0.03453453453453463 0.1622222222222222
3 0.5773273273273274 0.45555555555555555 0.03603603603603602 0.16222222222222216
3 0.628003003003003 0.4294444444444444 0.02627627627627625 0.15000000000000008
3 0.5942192192192192 0.40722222222222226 0.032282282282282256 0.13888888888888892
3 0.7113363363363363 0.39 0.030780780780780788 0.14444444444444443
3 0.6591591591591591 0.3855555555555556 0.028528528528528482 0.12888888888888886
3 0.7004504504504504 0.3411111111111111 0.028528528528528482 0.1244444444444444
3 0.6636636636636637 0.34444444444444444 0.028528528528528625 0.13333333333333328
3 0.6197447447447447 0.34888888888888886 0.03528528528528532 0.13333333333333336
3 0.5694444444444444 0.36 0.03378378378378379 0.1311111111111111
3 0.5247747747747747 0.35166666666666674 0.033033033033033024 0.1322222222222222
3 0.4680930930930931 0.3633333333333333 0.03378378378378379 0.1111111111111111
2 0.48723723673735875 0.5166666666666666 0.1006006006006006 0.2266666666666667
2 0.31493993993993996 0.54 0.11486486486486487 0.23777777777777778
3 0.2518768768768769 0.455 0.04879879879879876 0.16777777777777772
3 0.4125375375375376 0.4333333333333333 0.03678678678678679 0.14888888888888893
3 0.3697447447447448 0.39333333333333337 0.02927927927927925 0.14444444444444443
3 0.4211711711711712 0.3877777777777778 0.028528528528528555 0.15333333333333332
3 0.4872372372372372 0.34888888888888886 0.03003003003003002 0.12666666666666665
0 0.753003003003003 0.08666666666666666 0.01801801801801801 0.02
