2 0.5698198198198199 0.7661111111111112 0.15015015015015032 0.30333333333333345
3 0.23085585585585583 0.7361111111111112 0.08183183183183182 0.23666666666666664
3 0.131006006006006 0.7788888888888889 0.06831831831831833 0.26
2 0.4883633633633634 0.5216666666666666 0.0998498498498499 0.21888888888888886
2 0.31531531531531537 0.5572222222222222 0.12012012012012012 0.2388888888888888
3 0.6493993993993993 0.48111111111111116 0.03303303303303309 0.16000000000000006
3 0.5792042042042042 0.4572222222222222 0.03528528528528525 0.16111111111111115
3 0.6291291291291291 0.4394444444444444 0.03453453453453456 0.1544444444444445
3 0.5972222222222223 0.41055555555555556 0.03528528528528532 0.14555555555555558
3 0.7124624624624625 0.3911111111111111 0.031531531531531556 0.1444444444444444
3 0.6554054054054055 0.3877777777777778 0.03003003003003002 0.15111111111111103
3 0.6989489489489489 0.34388888888888886 0.03303303303303295 0.1344444444444444
3 0.6625375375375375 0.34333333333333327 0.02927927927927925 0.1355555555555555
3 0.6216216216216216 0.35166666666666674 0.034534534534534485 0.1277777777777778
3 0.5656906906906907 0.36333333333333334 0.03828828828828819 0.13333333333333333
3 0.524024024024024 0.35 0.03153153153153149 0.12444444444444443
3 0.4725975975975976 0.38 0.03828828828828833 0.1266666666666667
3 0.49249249249249244 0.35555555555555557 0.03153153153153149 0.13333333333333336
3 0.4114114114114114 0.43277777777777776 0.031531531531531556 0.16555555555555557
3 0.42530030030030036 0.3866666666666667 0.03528528528528532 0.1488888888888889
3 0.37349849849849853 0.3877777777777778 0.030780780780780788 0.14222222222222228
3 0.42192192192192196 0.20444444444444443 0.028528528528528555 0.08666666666666668
0 0.7537537537537538 0.08611111111111111 0.015015015015014939 0.02333333333333335
