3 0.4969074094842663 0.8761111111111112 0.05744160602647085 0.2477777777777777
3 0.5642964635063958 0.7055555555555556 0.04386756960120387 0.2444444444444445
3 0.48772761474793086 0.68 0.053438675696012086 0.20222222222222214
3 0.7796463506395788 0.5755555555555557 0.0518434913468775 0.21111111111111122
3 0.23170052671181338 0.5455555555555556 0.048653122648608015 0.18666666666666665
2 0.5160421369450715 0.5661111111111111 0.12761474793077496 0.24333333333333335
3 0.6763581640331077 0.3966666666666667 0.02871331828442436 0.14888888888888893
3 0.7772535741158767 0.36277777777777787 0.035891647855530666 0.14333333333333337
3 0.736576373212942 0.335 0.031106094808126414 0.14777777777777779
3 0.7022799097065463 0.35111111111111115 0.027915726109856962 0.14666666666666672
3 0.6352821670428894 0.3944444444444445 0.03429646350639579 0.14666666666666672
3 0.6001881113619263 0.41666666666666674 0.039082016553799906 0.15111111111111114
3 0.5631000752445448 0.38000000000000006 0.04306997742663661 0.14
3 0.5260120391271633 0.39777777777777784 0.04067720090293456 0.13333333333333336
3 0.453431151241535 0.38777777777777783 0.03270127915726114 0.14000000000000004
3 0.47935289691497374 0.35222222222222227 0.03190368698269374 0.15111111111111108
3 0.5084650112866818 0.35333333333333344 0.024725357411587653 0.13777777777777778
3 0.5718735891647856 0.3366666666666667 0.035094055680963125 0.14444444444444443
3 0.6560195635816405 0.3494444444444445 0.023130173062452998 0.13
3 0.6711738148984199 0.32333333333333336 0.02951091045899176 0.1311111111111111
3 0.41833709556057186 0.37000000000000005 0.026320541760722377 0.14666666666666675
3 0.3684875846501129 0.3777777777777779 0.03987960872836716 0.1444444444444445
3 0.3134537246049661 0.395 0.04147479307750185 0.14555555555555563
0 0.7549209932279914 0.06722222237292634 0.019939804364183692 0.02777777747636958
