3 0.49770500165883363 0.8705555555555555 0.06860789647041365 0.25888888888888884
3 0.5583145221971408 0.6966666666666668 0.05902182091798345 0.25111111111111106
3 0.49171557562076756 0.6972222222222223 0.05184349134687736 0.24333333333333343
2 0.26878856282919494 0.8027777777777778 0.23608728367193382 0.39
2 0.5160421369450715 0.5744444444444445 0.11166290443942813 0.26000000000000006
3 0.7549209932279911 0.4088888888888889 0.03429646350639572 0.15777777777777785
3 0.675959367945824 0.4 0.03270127915726107 0.15555555555555564
3 0.6348833709556058 0.3983333333333334 0.03987960872836723 0.1522222222222223
3 0.60058690744921 0.41555555555555557 0.04147479307750188 0.1577777777777778
3 0.5579157261098571 0.3761111111111111 0.03748683220466511 0.1344444444444445
3 0.5212264860797593 0.39388888888888896 0.045462753950338594 0.12555555555555556
3 0.4506395786305493 0.3866666666666667 0.04306997742663654 0.1533333333333333
3 0.47376975127995 0.34499999984929597 0.035094055680963125 0.1433333333333333
3 0.4203310759969902 0.3722222222222223 0.02552294958615505 0.15555555555555556
3 0.3736719337848007 0.3622222222222223 0.03429646350639579 0.14666666666666664
3 0.3310007524454477 0.37111111111111117 0.04466516177577127 0.13111111111111115
3 0.278359668924003 0.4188888888888889 0.043069977426636576 0.14
3 0.31504890895410087 0.3055555555555556 0.03828442437923247 0.12
3 0.5108577878103838 0.35555555555555557 0.02951091045899176 0.1311111111111111
3 0.705071482317532 0.34666666666666673 0.030308502633559015 0.1266666666666666
3 0.7397667419112115 0.33333333333333337 0.03748683220466518 0.1266666666666667
3 0.6560195635816403 0.35055555555555556 0.024725357411587653 0.12333333333333335
3 0.6436568848758466 0.23777777777777778 0.031903686982693816 0.10666666666666667
