3 0.5004965742698193 0.8738888888888888 0.07419104169238494 0.2522222222222221
3 0.5615048908954101 0.7044444444444445 0.05583145221971406 0.2555555555555555
3 0.48812641083521446 0.7011111111111111 0.06540255831452214 0.24000000000000013
2 0.5100601956358165 0.558888888888889 0.1347930775018812 0.2533333333333334
2 0.3302031602708804 0.6222222222222222 0.18025583145221977 0.3333333333333334
3 0.6017832957110609 0.4238888888888889 0.03270127915726107 0.16111111111111115
3 0.633288186606471 0.4016666666666667 0.0334988713318284 0.16777777777777783
3 0.6735665914221219 0.3933333333333334 0.027915726109856962 0.16444444444444448
3 0.6588111361926261 0.3572222222222223 0.030308502633559158 0.14777777777777776
3 0.7058690744920993 0.34555555555555556 0.02871331828442436 0.14666666666666667
3 0.7369751693002258 0.3294444444444445 0.02552294958615505 0.13666666666666671
3 0.6891196388261852 0.29944444444444446 0.031903686982693816 0.13666666666666663
3 0.5595109104589917 0.3805555555555556 0.03270127915726107 0.14333333333333337
3 0.5714747930775019 0.3388888888888889 0.02951091045899169 0.14222222222222217
3 0.5240180586907449 0.3916666666666667 0.04466516177577127 0.12111111111111114
3 0.5080662151993981 0.3622222222222223 0.02552294958615498 0.14666666666666664
3 0.5307975921745673 0.33 0.02153498871331827 0.13333333333333336
3 0.45183596689240035 0.3861111111111111 0.031106094808126414 0.14111111111111113
3 0.47735891647855533 0.34944444444444445 0.024725357411587653 0.15666666666666665
3 0.4203310759969902 0.37333333333333335 0.03349887133182847 0.1511111111111111
3 0.37446952595936794 0.36111111111111116 0.03429646350639579 0.1511111111111111
3 0.3409706546275395 0.36388888888888893 0.03748683220466518 0.13222222222222224
3 0.3090669676448458 0.3105555555555556 0.04067720090293452 0.12333333333333339
3 0.6077652370203162 0.16777777777777778 0.03190368698269374 0.08888888888888889
0 0.7529270127915726 0.06611111111111112 0.01754702784048149 0.02333333333333335
