2 0.5701951951951952 0.7694444444444444 0.14339339339339346 0.2966666666666668
3 0.23235735735735738 0.7383333333333334 0.06531531531531531 0.24777777777777785
3 0.16403903903903902 0.6744444444444444 0.0533033033033033 0.23111111111111116
2 0.3138138138138138 0.5511111111111111 0.11711711711711711 0.24666666666666665
2 0.48573573548579657 0.5183333335593893 0.09609609659597423 0.21222222222222212
3 0.6509009009009009 0.48111111111111116 0.03303303303303309 0.17777777777777765
3 0.6280030030030029 0.4333333333333333 0.02927927927927918 0.13777777777777778
3 0.5769519519519519 0.4577777777777778 0.032282282282282256 0.16
3 0.5934684684684685 0.4072222222222222 0.02627627627627625 0.14111111111111113
3 0.7117117117117118 0.39444444444444443 0.025525525525525408 0.12444444444444443
3 0.6591591591591591 0.38888888888888884 0.034534534534534485 0.14888888888888882
3 0.4162912912912913 0.43222222222222223 0.03528528528528532 0.14666666666666672
3 0.3734984984984985 0.3916666666666667 0.03378378378378379 0.13888888888888892
3 0.42567567567567566 0.38 0.03453453453453456 0.11777777777777772
3 0.47109609609609604 0.3738888888888889 0.027777777777777787 0.1277777777777778
3 0.5198948948948949 0.34611111111111115 0.02627627627627632 0.12555555555555561
3 0.5698198198198198 0.35444444444444445 0.03003003003003002 0.14222222222222225
3 0.6227477477477477 0.34222222222222215 0.027777777777777787 0.12222222222222222
3 0.6966966966966968 0.33777777777777773 0.027027027027027088 0.12666666666666665
3 0.7274774774774775 0.3088888888888889 0.028528528528528625 0.13333333333333328
