3 0.3313995485327314 0.35111111111111115 0.02791572610985707 0.14444444444444454
3 0.550737396538751 0.4894444444444445 0.042272385252069215 0.18555555555555558
3 0.42950338600451465 0.6572222222222223 0.05822422874341612 0.2166666666666667
2 0.3800526699716864 0.437777777777777 0.1316027112229187 0.23333333333333306
2 0.7070654627539504 0.525 0.1523401053423627 0.22555555555555556
2 0.5411737751727539 0.8216666666666668 0.16192618089479283 0.3566666666666666
3 0.49570353649360427 0.2977777777777778 0.026320541760722377 0.12222222222222225
3 0.5511361926260346 0.29222222222222227 0.035094055680963125 0.12000000000000004
3 0.5866290443942814 0.285 0.02791572610985703 0.12555555555555553
2 0.5160421369450715 0.23333333333333336 0.06221218961625283 0.10000000000000003
