3 0.4969074094842662 0.8716666666666667 0.07977418691435638 0.2566666666666666
3 0.1910233258088789 0.6566666666666667 0.06300978179082019 0.23555555555555543
3 0.4123551542513168 0.708888888888889 0.0606170052671181 0.2777777777777778
3 0.48653122648607977 0.6766666666666669 0.05902182091798345 0.23555555555555557
3 0.5575169300225734 0.6766666666666669 0.05902182091798345 0.248888888888889
2 0.3377802859292702 0.5811111111111111 0.16510158013544024 0.32666666666666677
2 0.5176373212942061 0.5444444444444446 0.13080511662904434 0.24000000000000007
2 0.7397667419112116 0.638888888888889 0.1730775018811137 0.29333333333333345
3 0.5981941309255079 0.3972222222222223 0.04147479307750181 0.15000000000000008
3 0.6767569601203914 0.38 0.029510910458991617 0.16888888888888892
3 0.652829194883371 0.3205555555555556 0.02951091045899176 0.15222222222222226
3 0.685530474040632 0.2927777777777778 0.02951091045899176 0.1366666666666667
3 0.5595109104589917 0.3538888888888889 0.03270127915726107 0.1522222222222223
3 0.5152445447705042 0.3822222222222223 0.049450714823175305 0.14000000000000004
3 0.4634010534236268 0.35055555555555556 0.03349887133182847 0.1433333333333334
3 0.38284424379232507 0.34166666666666673 0.04306997742663661 0.12555555555555561
3 0.34775018811136194 0.35222222222222227 0.03668924003009785 0.14000000000000004
3 0.4310985703536494 0.3144444444444445 0.03270127915726114 0.14000000000000004
3 0.4845372460496614 0.30888888888888894 0.02791572610985703 0.13333333333333333
3 0.5168397291196388 0.3122222222222223 0.027118133935289706 0.12000000000000004
3 0.570278404815651 0.28833333333333333 0.0334988713318284 0.12111111111111114
3 0.5954025583145222 0.255 0.02951091045899176 0.11444444444444446
3 0.6384725357411588 0.26944444444444443 0.02153498871331834 0.12111111111111111
3 0.6584123401053423 0.24055555555555558 0.027915726109857104 0.10111111111111111
3 0.578653122648608 0.1927777777777778 0.026320541760722377 0.10111111111111111
3 0.6269074492099322 0.17722222222222225 0.0334988713318284 0.09666666666666669
3 0.5200300978179082 0.24611111111111114 0.038284424379232504 0.10111111111111107
3 0.3752671181339353 0.255 0.03908201655379983 0.11444444444444446
