3 0.49809631301730634 0.8755555555555558 0.0614145974416855 0.24222222222222228
3 0.5631000752445448 0.7011111111111111 0.06540255831452221 0.2533333333333333
3 0.49171557562076756 0.6794444444444445 0.04705793829947332 0.21
2 0.5156433408577878 0.5577777777777778 0.11405568096313018 0.23777777777777778
3 0.7684800601956359 0.5177777777777779 0.03748683220466518 0.19777777777777777
3 0.24366440933032357 0.49500000000000016 0.04067720090293452 0.17888888888888893
3 0.6013844996237774 0.4216666666666667 0.03668924003009785 0.16555555555555557
3 0.6763581640331077 0.3966666666666667 0.027118133935289706 0.1444444444444445
3 0.6328893905191875 0.388888888888889 0.024725357411587722 0.1444444444444445
3 0.5611060948081265 0.3822222222222223 0.03748683220466511 0.14444444444444443
3 0.5200300978179082 0.39277777777777784 0.038284424379232504 0.11222222222222221
3 0.7672836719337849 0.35333333333333344 0.038284424379232435 0.11777777777777779
3 0.7042738901429647 0.3500000000000001 0.02871331828442436 0.13111111111111115
3 0.7289992475545524 0.3127777777777779 0.027118133935289706 0.13000000000000003
3 0.6600075244544772 0.35222222222222227 0.031106094808126414 0.12888888888888894
3 0.452234762979684 0.38611111111111124 0.027118133935289706 0.15000000000000002
3 0.4199322799097065 0.3694444444444445 0.03270127915726114 0.13222222222222219
3 0.47815650865312265 0.34611111111111115 0.026320541760722377 0.13666666666666671
3 0.5327915726109858 0.3211111111111111 0.027118133935289706 0.1111111111111111
3 0.3724755455229496 0.3722222222222223 0.0334988713318284 0.13777777777777775
3 0.3174416854778029 0.3872222222222223 0.052641083521444684 0.14111111111111113
3 0.5706772009029346 0.32833333333333337 0.03429646350639579 0.11444444444444443
3 0.6863280662151995 0.28166666666666673 0.04067720090293449 0.11888888888888889
3 0.41395033860045144 0.32388888888888895 0.027118133935289775 0.11666666666666668
