2 0.5690690690690691 0.765 0.13963963963963963 0.31222222222222223
3 0.23048048048048045 0.7388888888888888 0.06906906906906908 0.23999999999999994
3 0.20382882882882883 0.5411111111111111 0.04879879879879876 0.19111111111111115
2 0.30855855855855857 0.5366666666666666 0.11711711711711714 0.23999999999999985
2 0.4853603603603604 0.5188888888888888 0.0998498498498499 0.23333333333333336
3 0.6505255255255256 0.4694444444444445 0.03528528528528525 0.16111111111111115
3 0.6261261261261261 0.42666666666666664 0.03903903903903903 0.1533333333333333
3 0.5784534534534534 0.4533333333333333 0.04429429429429433 0.15111111111111108
3 0.7113363363363363 0.3972222222222222 0.03828828828828847 0.14555555555555558
3 0.6554054054054055 0.3777777777777777 0.027027027027027088 0.12222222222222222
3 0.4140390390390391 0.43777777777777777 0.03378378378378379 0.15333333333333343
3 0.37387387387387383 0.3922222222222222 0.034534534534534485 0.14666666666666667
3 0.423048048048048 0.3827777777777778 0.03378378378378386 0.1433333333333333
3 0.47484984984984985 0.3722222222222223 0.03678678678678679 0.1244444444444445
3 0.5243993993993994 0.3522222222222222 0.033783783783783716 0.14666666666666667
3 0.5686936936936937 0.36333333333333334 0.032282282282282256 0.13333333333333333
3 0.6242492492492492 0.34388888888888886 0.02927927927927925 0.11888888888888886
3 0.7008258258258258 0.3277777777777778 0.03528528528528525 0.11555555555555558
3 0.49099099099099097 0.34888888888888886 0.039039039039039096 0.13555555555555565
0 0.7533783783783784 0.08611111111111111 0.015765765765765705 0.02333333333333335
