2 0.5728228228228228 0.7755555555555556 0.15615615615615616 0.32666666666666666
2 0.4868618618618619 0.5161111111111112 0.11486486486486491 0.22777777777777777
2 0.316066066066066 0.5483333333333333 0.11711711711711711 0.24777777777777785
3 0.18993993993993996 0.8222222222222223 0.08108108108108109 0.2555555555555556
3 0.2376126126126126 0.4833333333333333 0.039789789789789795 0.1622222222222222
3 0.41554054054054057 0.4388888888888889 0.027777777777777714 0.16888888888888887
3 0.3746246246246246 0.3877777777777778 0.04054054054054049 0.14222222222222228
3 0.46996996996997 0.3738888888888889 0.027027027027027018 0.12555555555555553
3 0.5221471471471472 0.35611111111111104 0.033783783783783716 0.13222222222222224
3 0.48648648648648646 0.3416666666666666 0.03153153153153149 0.11888888888888886
3 0.6644144144144144 0.5238888888888888 0.0555555555555555 0.1877777777777778
3 0.6261261261261262 0.4222222222222223 0.031531531531531556 0.13111111111111107
3 0.6599099099099099 0.3833333333333333 0.03603603603603602 0.13111111111111107
3 0.7147147147147147 0.3927777777777778 0.034534534534534485 0.1277777777777777
3 0.596096096096096 0.41555555555555557 0.03453453453453456 0.16
3 0.5668168168168168 0.35944444444444446 0.03903903903903903 0.14333333333333337
3 0.6227477477477477 0.3411111111111111 0.027777777777777787 0.12
3 0.6636636636636637 0.3422222222222222 0.02552552552552555 0.11777777777777775
3 0.6981981981981982 0.3327777777777778 0.034534534534534485 0.12555555555555556
0 0.7545045045045046 0.08722222222222221 0.01801801801801801 0.018888888888888886
