2 0.5641891891891891 0.7733333333333334 0.14939939939939934 0.32888888888888895
3 0.6884384376608499 0.6455555555555557 0.06306306150788539 0.2333333333333335
2 0.30292792792792794 0.5755555555555556 0.13438438438438444 0.26888888888888884
2 0.4928678678678679 0.5233333333333333 0.09984984984984983 0.25111111111111106
3 0.37387387387387394 0.38833333333333336 0.03153153153153149 0.1388888888888889
3 0.4147897897897898 0.4305555555555556 0.041291291291291256 0.16333333333333327
3 0.47184684684684686 0.36611111111111116 0.027777777777777787 0.1277777777777778
3 0.5243993993993994 0.3533333333333333 0.03828828828828819 0.1444444444444445
3 0.631006006006006 0.4327777777777777 0.03378378378378386 0.15000000000000008
3 0.5953453453453453 0.40555555555555556 0.031531531531531556 0.14
3 0.5683183183183184 0.3672222222222222 0.03603603603603595 0.15
3 0.6614114114114115 0.38333333333333336 0.03303303303303295 0.1355555555555556
3 0.7098348348348348 0.39 0.03378378378378386 0.13333333333333336
3 0.7008258258258259 0.33611111111111114 0.03378378378378386 0.1322222222222222
3 0.6204954954954955 0.33944444444444444 0.030780780780780857 0.11666666666666671
3 0.6621621621621623 0.33 0.03003003003003002 0.10888888888888885
0 0.7533783783783784 0.08666666666666666 0.015765765765765705 0.028888888888888895
