2 0.5132505643340859 0.46611111111111114 0.12841234010534236 0.24555555555555564
2 0.6695786305492851 0.41555555555555557 0.13000752445447702 0.1844444444444445
2 0.7250112866817155 0.72 0.2328969149736645 0.39555555555555555
2 0.4382768999247555 0.25277777777777777 0.07896162528216706 0.16555555555555557
3 0.5172385252069226 0.2783333333333334 0.03589164785553052 0.1411111111111111
3 0.5738675696012039 0.23388888888888892 0.03270127915726107 0.12333333333333332
3 0.4458540255831453 0.14777777777777779 0.023927765237020324 0.07333333333333333
3 0.5136493604213694 0.1577777777777778 0.02871331828442436 0.08222222222222225
3 0.5515349887133183 0.14944444444444446 0.02951091045899169 0.07666666666666666
3 0.5822422874341611 0.14277777777777778 0.027118133935289706 0.08111111111111112
1 0.7541234010534237 0.11611111111111112 0.019939804364183543 0.02333333333333336
