3 0.49451463296056425 0.8677777777777778 0.055846421677336056 0.2644444444444444
3 0.559112114371708 0.6983333333333335 0.05742663656884879 0.2522222222222223
3 0.48892400300978184 0.68 0.04306997742663654 0.19555555555555557
3 0.4079683972911964 0.7244444444444446 0.06300978179082016 0.27333333333333343
2 0.7433559066967647 0.6383333333333334 0.1802558314522197 0.26777777777777795
2 0.5168397291196388 0.5633333333333335 0.11644845748683225 0.23777777777777778
2 0.33937547027840487 0.5805555555555556 0.1555304740406321 0.30999999999999994
3 0.5997893152746426 0.41666666666666674 0.036689240030097776 0.16444444444444442
3 0.6328893905191875 0.3966666666666667 0.03748683220466525 0.17333333333333337
3 0.675959367945824 0.38777777777777783 0.03908201655379983 0.16000000000000003
3 0.5603085026335591 0.3855555555555556 0.03589164785553045 0.15333333333333335
3 0.5240180586907449 0.3922222222222223 0.04785553047404058 0.12666666666666665
3 0.45422874341610237 0.38611111111111124 0.03429646350639579 0.15000000000000002
3 0.42232505643340856 0.3655555555555556 0.03270127915726114 0.14222222222222222
3 0.37646350639578635 0.3572222222222223 0.03828442437923257 0.13
3 0.34136945071482316 0.35611111111111116 0.038284424379232504 0.13
3 0.4749661399548533 0.34166666666666673 0.03270127915726114 0.1388888888888889
3 0.5068698269375471 0.34944444444444445 0.024725357411587653 0.12333333333333335
3 0.7042738901429647 0.34777777777777785 0.03190368698269367 0.13333333333333336
3 0.6504364183596689 0.255 0.03589164785553045 0.13444444444444442
3 0.6847328818660648 0.29055555555555557 0.026320541760722307 0.11666666666666668
