2 0.5698198198198199 0.7688888888888888 0.15015015015015032 0.3044444444444444
3 0.2286036036036036 0.74 0.07732732732732735 0.23333333333333342
2 0.31493993993993996 0.5572222222222222 0.11486486486486487 0.2544444444444444
2 0.48761261261261263 0.5222222222222223 0.0998498498498499 0.23333333333333328
3 0.6516516516516516 0.47833333333333333 0.03753753753753756 0.17222222222222214
3 0.579954954954955 0.46 0.03678678678678679 0.16888888888888892
3 0.6272522522522523 0.43277777777777776 0.0352852852852854 0.15444444444444444
3 0.5983483483483484 0.4127777777777777 0.03603603603603595 0.13666666666666663
3 0.7143393393393392 0.39166666666666666 0.0352852852852854 0.14555555555555555
3 0.6599099099099098 0.3855555555555556 0.03453453453453463 0.13777777777777778
3 0.6985735735735736 0.34777777777777774 0.032282282282282325 0.14666666666666664
3 0.661036036036036 0.34388888888888886 0.03678678678678679 0.14333333333333337
3 0.6186186186186187 0.34944444444444445 0.03753753753753756 0.14555555555555555
3 0.5653153153153153 0.3688888888888889 0.03753753753753749 0.13333333333333328
3 0.5191441441441442 0.35666666666666663 0.032282282282282256 0.12888888888888886
3 0.4714714714714715 0.37666666666666665 0.03453453453453456 0.13555555555555554
3 0.4872372372372372 0.34888888888888886 0.024024024024024017 0.13555555555555565
3 0.4125375375375376 0.4277777777777778 0.03528528528528532 0.16888888888888887
3 0.42417417417417413 0.38222222222222224 0.03603603603603609 0.13111111111111115
3 0.37087087087087084 0.3983333333333334 0.028528528528528555 0.13444444444444442
3 0.4091591591591592 0.22666666666666666 0.031531531531531556 0.09555555555555557
0 0.7541291291291291 0.08666666666666668 0.015765765765765705 0.022222222222222233
