3 0.499691497366441 0.8766666666666668 0.07736644093303234 0.24444444444444444
3 0.4159443190368698 0.7127777777777778 0.05024830699774263 0.25
3 0.49291196388261854 0.6794444444444445 0.05902182091798345 0.20555555555555563
3 0.5619036869826938 0.6877777777777778 0.05822422874341605 0.24666666666666678
2 0.33578630493228073 0.5783333333333335 0.1674943577802842 0.2988888888888888
2 0.5168397291196389 0.5511111111111111 0.12123401053423627 0.23777777777777773
2 0.7437547027840482 0.6266666666666667 0.18264860797592178 0.2733333333333334
3 0.29909706546275394 0.35777777777777786 0.035094055680963125 0.14444444444444446
3 0.3389766741911211 0.35777777777777786 0.038284424379232504 0.1355555555555556
3 0.375665914221219 0.35111111111111115 0.027118133935289706 0.13555555555555554
3 0.4191346877351392 0.36333333333333334 0.026320541760722307 0.13555555555555557
3 0.452234762979684 0.38000000000000006 0.02552294958615498 0.14222222222222228
3 0.5236192626034613 0.3922222222222223 0.03748683220466518 0.1244444444444445
3 0.5623024830699775 0.3772222222222223 0.03190368698269374 0.14333333333333337
3 0.6013844996237774 0.405 0.0334988713318284 0.15888888888888894
3 0.6747629796839729 0.38388888888888895 0.031903686982693816 0.13666666666666671
3 0.7046726862302484 0.34277777777777785 0.03908201655379983 0.12333333333333335
3 0.6592099322799098 0.3500000000000001 0.027915726109856962 0.13333333333333333
3 0.6137471783295712 0.34055555555555556 0.03270127915726114 0.1277777777777778
3 0.47895410082769 0.34055555555555567 0.03429646350639579 0.13000000000000003
3 0.4151467268623025 0.3211111111111111 0.03748683220466518 0.10666666666666667
3 0.6847328818660648 0.28500000000000003 0.04386756960120394 0.1144444444444445
3 0.6185327313769752 0.2577777777777778 0.02951091045899169 0.1088888888888889
3 0.6508352144469527 0.24 0.03349887133182847 0.11333333333333333
3 0.5084650112866818 0.34722222222222227 0.023130173062452998 0.12333333333333332
0 0.7541234010534237 0.06611111111111112 0.01834462001504903 0.021111111111111115
