3 0.49850259383340095 0.8744444444444446 0.07179826516868289 0.251111111111111
3 0.5559217456734388 0.6944444444444445 0.05423626787057934 0.24
3 0.48812641083521446 0.6883333333333335 0.05104589917230996 0.21222222222222228
2 0.5164409330323552 0.5622222222222223 0.11724604966139957 0.24666666666666678
3 0.3006922498118887 0.4088888888888889 0.043069977426636576 0.14444444444444443
3 0.3625056433408578 0.4238888888888889 0.03748683220466518 0.15666666666666657
3 0.3102633559066968 0.3366666666666667 0.02552294958615498 0.11111111111111115
3 0.4191346877351393 0.3666666666666667 0.031106094808126487 0.13555555555555557
3 0.4163431151241535 0.3244444444444445 0.030308502633559088 0.11777777777777775
3 0.45582392776523706 0.3861111111111111 0.02951091045899176 0.15666666666666668
3 0.4721745673438676 0.33944444444444444 0.030308502633559088 0.13888888888888892
3 0.5240180586907449 0.40333333333333343 0.03987960872836716 0.13333333333333336
3 0.5080662151993981 0.353888888888889 0.02871331828442443 0.13888888888888892
3 0.5599097065462755 0.3822222222222223 0.027118133935289633 0.15777777777777782
3 0.6001881113619263 0.41722222222222227 0.031106094808126344 0.15888888888888894
3 0.63209179834462 0.39777777777777784 0.03429646350639587 0.15333333333333335
3 0.6707750188111362 0.39 0.03349887133182847 0.14888888888888893
3 0.7521294206170053 0.42277777777777786 0.04147479307750188 0.14777777777777787
3 0.7042738901429647 0.34666666666666673 0.03190368698269367 0.12222222222222225
3 0.5698796087283672 0.33333333333333337 0.03429646350639572 0.12444444444444443
3 0.7186305492851769 0.2838888888888889 0.02552294958615505 0.10333333333333332
3 0.7728668171557562 0.36111111111111116 0.04147479307750188 0.14
3 0.8063656884875846 0.3372222222222223 0.04626034612490585 0.1455555555555555
0 0.7545221971407073 0.06555555555555558 0.01435665914221218 0.020000000000000007
