2 0.5754504504504505 0.7705555555555555 0.17192192192192196 0.3211111111111111
3 0.21133633633633636 0.7777777777777777 0.08633633633633632 0.251111111111111
2 0.310435434935557 0.5527777777777774 0.11936937036912623 0.2588888888888886
2 0.4853603603603604 0.5188888888888888 0.10285285285285284 0.23999999999999994
3 0.6542792792792792 0.4783333333333333 0.03528528528528532 0.16111111111111107
3 0.6287537537537538 0.425 0.029279279279279393 0.14111111111111113
3 0.5957207207207208 0.4133333333333333 0.039789789789789726 0.1577777777777778
3 0.7147147147147149 0.39111111111111113 0.031531531531531556 0.12222222222222222
3 0.6572822822822824 0.37833333333333335 0.039789789789789726 0.13222222222222219
3 0.661036036036036 0.33944444444444444 0.02327327327327339 0.12555555555555553
3 0.7008258258258258 0.3372222222222223 0.02927927927927911 0.12333333333333335
3 0.6234984984984985 0.345 0.029279279279279324 0.13444444444444442
3 0.5698198198198198 0.3672222222222222 0.03003003003003002 0.1388888888888889
3 0.5236486486486487 0.3572222222222222 0.03528528528528525 0.14333333333333328
3 0.47072072072072074 0.37333333333333335 0.033033033033033024 0.1288888888888889
3 0.487987987987988 0.3433333333333334 0.03753753753753756 0.13111111111111115
3 0.4147897897897898 0.4411111111111111 0.04279279279279279 0.17777777777777778
3 0.42680180180180183 0.37222222222222223 0.039789789789789864 0.11333333333333333
3 0.3731231231231231 0.3866666666666667 0.031531531531531556 0.1488888888888889
3 0.2864114114114114 0.395 0.03828828828828829 0.11444444444444443
0 0.7537537537537538 0.08722222222222221 0.015015015015014939 0.021111111111111126
