3 0.49850259383340095 0.8722222222222222 0.07179826516868289 0.2555555555555554
3 0.4163431151241535 0.71 0.049450714823175305 0.23777777777777787
3 0.48812641083521446 0.6866666666666669 0.046260346124905996 0.19777777777777786
3 0.5563205417607224 0.6916666666666669 0.04386756960120394 0.238888888888889
2 0.33618510119658696 0.5844444444444443 0.16191121220426813 0.32666666666666666
2 0.5176373212942061 0.5600000000000002 0.1339954853273138 0.24222222222222237
2 0.7405643340857787 0.6383333333333334 0.1730775018811137 0.27444444444444455
3 0.2875319789315275 0.37111111111111117 0.042272385252069215 0.11333333333333333
3 0.34216704288939054 0.35555555555555557 0.036689240030097776 0.11777777777777781
3 0.37566591422121903 0.35333333333333344 0.02552294958615498 0.1244444444444445
3 0.4219262603461249 0.3705555555555556 0.02871331828442443 0.13
3 0.452234762979684 0.3872222222222223 0.027118133935289706 0.13666666666666663
3 0.5200300978179082 0.39611111111111114 0.04306997742663654 0.11000000000000007
3 0.6013844996237774 0.4138888888888889 0.030308502633559088 0.1566666666666667
3 0.675959367945824 0.3866666666666667 0.03270127915726107 0.13777777777777775
3 0.476561324303988 0.34111111111111114 0.03748683220466518 0.13333333333333336
3 0.6117531978931529 0.34611111111111115 0.03190368698269374 0.12333333333333335
3 0.7034762979683973 0.34611111111111115 0.03349887133182833 0.12555555555555553
3 0.6600075244544772 0.35166666666666674 0.026320541760722307 0.13222222222222219
3 0.6859292701279158 0.28222222222222226 0.02871331828442436 0.10000000000000003
3 0.626109857035365 0.2605555555555556 0.04306997742663668 0.09666666666666668
3 0.5315951843491348 0.30500000000000005 0.026320541760722307 0.09222222222222222
3 0.5718735891647856 0.31333333333333335 0.030308502633559015 0.10222222222222226
0 0.7541234010534237 0.06666666666666668 0.015154251316779437 0.017777777777777785
