3 0.5028893507935215 0.8761111111111112 0.08535733213632789 0.2477777777777777
3 0.5571181339352897 0.6944444444444445 0.059819413092550774 0.23333333333333342
3 0.48732881866064715 0.7 0.04466516177577127 0.23555555555555557
2 0.5156433408577878 0.5611111111111112 0.11884123401053422 0.23555555555555557
2 0.31544770504138453 0.6583333333333334 0.1778630549285177 0.3388888888888889
3 0.5997893152746426 0.4216666666666667 0.03349887133182847 0.14777777777777787
3 0.6328893905191875 0.39777777777777784 0.03270127915726114 0.14888888888888893
3 0.6727689992475547 0.38611111111111124 0.029510910458991617 0.15000000000000002
3 0.7066666666666667 0.35166666666666674 0.030308502633559158 0.13444444444444442
3 0.7465462753950339 0.3605555555555556 0.027118133935289706 0.14999999999999997
3 0.5638976674191122 0.38055555555555565 0.035094055680963125 0.14111111111111113
3 0.5208276899924756 0.39555555555555555 0.04306997742663661 0.12222222222222222
3 0.452234762979684 0.38888888888888895 0.03668924003009785 0.1488888888888889
3 0.41753950338600454 0.36500000000000005 0.03270127915726107 0.13444444444444448
3 0.4761625282167043 0.34611111111111115 0.035094055680963125 0.15
3 0.3780586907449211 0.3566666666666667 0.035094055680963195 0.14222222222222217
3 0.3397742663656885 0.35333333333333333 0.03987960872836723 0.13111111111111115
3 0.3046802107437329 0.34222222252363055 0.03987960872836723 0.14000000000000004
3 0.5064710308502635 0.35333333333333344 0.023927765237020324 0.12222222222222222
3 0.5714747930775019 0.33333333333333337 0.02951091045899169 0.13555555555555554
3 0.6596087283671934 0.35 0.031903686982693816 0.1244444444444445
3 0.6233182844243792 0.1916666666666667 0.03429646350639579 0.11222222222222225
3 0.6998871331828442 0.3077777777777778 0.03748683220466518 0.1244444444444445
