2 0.36968397291196387 0.41666666666666674 0.12522197140707295 0.18444444444444444
3 0.3078705793829948 0.34166666666666673 0.03349887133182847 0.13444444444444442
3 0.49131677953348385 0.33000000000000007 0.038284424379232504 0.1355555555555556
3 0.5579157261098571 0.28166666666666673 0.03748683220466511 0.12111111111111114
3 0.556719337848006 0.3866666666666667 0.052641083521444684 0.1533333333333333
3 0.6125507900677201 0.3972222222222223 0.04147479307750181 0.16111111111111115
3 0.4657938299473288 0.5155555555555557 0.052641083521444684 0.19333333333333344
3 0.5379759217456734 0.6266666666666667 0.05822422874341612 0.22888888888888892
2 0.6217305848040556 0.8737812550862631 0.21297208006710286 0.25200695461697054
0 0.7541234010534237 0.06444444444444444 0.015154251316779437 0.024444444444444456
